2
2
2
3
4
7
9
10
12
17
17
22
25
28
28
30
34
34
40
44
46
48
50
50
55
56
64
64
65
72
76
77
83
84
85
86
87
90
92
92
94
95
106
111
116
117
121
122
122
126
127
134
136
153
153
153
162
162
162
165
167
172
174
186
190
191
191
192
200
201
204
214
217
217
217
217
218
220
227
231
233
233
236
245
246
252
253
254
260
263
265
269
275
275
275
278
280
302
303
309
312
317
319
322
322
324
327
331
332
333
337
339
347
348
350
352
354
361
361
365
367
372
374
376
379
382
383
392
394
401
403
412
414
416
419
423
424
432
434
436
440
447
452
452
467
477
480
481
483
486
489
493
500
501
512
517
519
532
533
534
535
543
543
544
544
554
556
557
567
570
571
576
576
576
584
586
586
592
593
603
604
606
608
615
620
621
621
624
625
630
632
634
635
636
644
646
648
648
652
652
655
656
669
671
682
689
693
694
694
694
698
698
709
709
715
719
720
720
723
723
725
731
732
733
736
737
737
741
742
746
751
760
760
764
765
771
776
776
776
778
778
783
789
790
791
792
794
794
798
800
807
809
809
811
814
828
829
835
835
839
849
851
852
853
854
855
861
862
863
866
876
876
879
886
890
891
896
897
898
899
906
909
916
916
918
919
933
938
938
938
942
943
943
944
945
947
948
949
951
958
958
966
969
969
969
973
986
990
991
992
993
995
1003
1012
1014
1017
1023
1026
1029
1030
1034
1037
1038
1045
1050
1052
1057
1064
1079
1079
1094
1097
1100
1103
1103
1107
1108
1114
1114
1119
1122
1122
1124
1129
1135
1137
1139
1141
1141
1142
1142
1143
1145
1152
1153
1156
1156
1161
1161
1164
1165
1174
1176
1178
1179
1181
1181
1182
1190
1194
1201
1205
1210
1219
1220
1222
1225
1244
1258
1260
1266
1296
1300
1301
1314
1315
1315
1316
1318
1323
1328
1333
1335
1339
1340
1344
1346
1350
1356
1361
1363
1365
1370
1371
1371
1372
1375
1377
1379
1383
1390
1393
1394
1398
1415
1419
1419
1422
1424
1426
1428
1431
1434
1439
1448
1450
1454
1456
1457
1462
1469
1477
1480
1483
1485
1485
1487
1487
1493
1496
1504
1507
1507
1511
1512
1514
1519
1524
1526
1530
1530
1531
1532
1535
1536
1536
1537
1539
1540
1546
1549
1550
1558
1562
1570
1572
1581
1582
1583
1584
1585
1586
1586
1593
1595
1596
1600
1610
1612
1617
1619
1620
1624
1625
1626
1627
1638
1641
1641
1646
1653
1657
1668
1670
1672
1672
1675
1676
1686
1688
1690
1690
1693
1702
1702
1703
1712
1714
1724
1727
1733
1737
1740
1747
1754
1758
1762
1764
1764
1767
1769
1770
1773
1774
1781
1783
1787
1787
1791
1795
1795
1798
1799
1803
1807
1814
1817
1818
1818
1820
1823
1823
1823
1829
1830
1831
1838
1839
1841
1845
1848
1854
1863
1865
1867
1875
1876
1879
1882
1884
1886
1888
1903
1904
1906
1913
1916
1916
1917
1921
1922
1924
1924
1932
1934
1944
1944
1947
1947
1954
1957
1959
1963
1964
1972
1974
1976
1979
1981
1987
1988
1988
1991
1992
1993
1993
1994
1999
2001
2001
2010
2015
2018
2021
2022
2022
2027
2033
2036
2038
2040
2042
2044
2045
2045
2049
2050
2052
2052
2057
2065
2071
2071
2071
2074
2079
2080
2086
2088
2100
2102
2103
2112
2119
2127
2133
2136
2137
2138
2146
2149
2151
2153
2154
2160
2167
2167
2169
2177
2178
2180
2185
2188
2190
2192
2193
2196
2197
2213
2224
2229
2230
2230
2237
2238
2240
2251
2256
2267
2268
2270
2271
2276
2280
2284
2287
2292
2295
2300
2303
2309
2311
2319
2320
2320
2323
2323
2324
2324
2326
2328
2333
2336
2339
2349
2349
2357
2365
2367
2370
2371
2372
2379
2384
2392
2394
2397
2398
2409
2410
2415
2415
2420
2422
2422
2427
2434
2436
2437
2439
2448
2456
2459
2464
2468
2468
2473
2478
2482
2483
2485
2491
2491
2492
2493
2508
2519
2526
2527
2528
2529
2555
2556
2557
2559
2563
2577
2580
2580
2583
2585
2588
2588
2589
2589
2597
2597
2603
2604
2609
2613
2616
2619
2619
2623
2628
2631
2636
2637
2638
2645
2655
2657
2659
2662
2675
2679
2689
2692
2694
2697
2699
2700
2710
2723
2723
2724
2724
2731
2733
2737
2743
2744
2745
2748
2756
2763
2765
2766
2768
2771
2774
2782
2784
2787
2792
2793
2798
2801
2802
2804
2807
2809
2810
2811
2812
2814
2814
2818
2822
2823
2824
2827
2830
2832
2834
2834
2835
2837
2841
2842
2846
2852
2861
2868
2870
2872
2873
2874
2882
2884
2884
2893
2897
2904
2907
2919
2920
2924
2929
2930
2931
2931
2931
2937
2939
2947
2948
2948
2949
2954
2957
2957
2970
2975
2980
2983
2988
2995
2996
3004
3009
3010
3017
3019
3021
3021
3028
3045
3046
3046
3049
3051
3051
3052
3052
3061
3067
3067
3068
3070
3079
3080
3080
3084
3094
3100
3101
3105
3108
3108
3109
3117
3119
3119
3122
3123
3125
3127
3133
3134
3135
3137
3146
3149
3150
3162
3164
3165
3172
3173
3174
3175
3177
3183
3186
3189
3189
3190
3192
3193
3194
3195
3199
3201
3205
3209
3211
3217
3219
3221
3227
3228
3230
3231
3232
3232
3240
3241
3244
3265
3265
3265
3267
3271
3274
3288
3295
3296
3299
3300
3302
3306
3313
3314
3317
3325
3327
3329
3333
3335
3339
3340
3341
3342
3342
3343
3344
3344
3346
3346
3354
3356
3375
3376
3378
3378
3381
3385
3385
3403
3404
3407
3409
3411
3416
3417
3419
3421
3425
3431
3438
3439
3440
3440
3441
3444
3445
3445
3446
3449
3451
3453
3455
3456
3460
3465
3471
3474
3477
3481
3485
3489
3489
3501
3502
3505
3505
3506
3508
3522
3522
3528
3529
3539
3543
3548
3548
3550
3551
3555
3559
3561
3570
3571
3573
3574
3576
3576
3578
3579
3582
3582
3584
3586
3596
3598
3599
3600
3601
3625
3631
3637
3642
3642
3642
3653
3654
3656
3659
3666
3669
3675
3677
3682
3685
3688
3689
3691
3693
3694
3696
3696
3701
3703
3707
3712
3713
3715
3717
3721
3723
3724
3727
3733
3737
3740
3740
3743
3750
3750
3758
3760
3760
3761
3761
3767
3773
3777
3783
3785
3786
3789
3791
3794
3795
3809
3814
3818
3819
3822
3824
3828
3828
3830
3832
3835
3837
3847
3850
3854
3866
3884
3892
3895
3895
3897
3897
3899
3899
3900
3904
3907
3907
3910
3926
3928
3934
3939
3948
3951
3958
3965
3966
3968
3968
3980
3982
3983
3985
3989
3995
3998
4003
4005
4007
4011
4017
4028
4028
4031
4033
4033
4035
4038
4039
4040
4040
4043
4053
4057
4058
4060
4066
4073
4074
4082
4087
4088
4090
4101
4102
4105
4115
4117
4121
4128
4133
4137
4137
4139
4141
4145
4150
4151
4161
4161
4161
4167
4190
4196
4204
4205
4207
4219
4220
4227
4233
4234
4236
4239
4243
4245
4265
4272
4272
4273
4273
4280
4285
4288
4295
4296
4302
4302
4304
4314
4315
4317
4321
4323
4323
4324
4325
4327
4329
4333
4337
4340
4347
4353
4354
4359
4361
4362
4368
4376
4377
4381
4384
4385
4387
4394
4399
4402
4403
4403
4406
4408
4410
4414
4418
4423
4427
4428
4429
4431
4432
4434
4434
4435
4438
4439
4442
4443
4445
4451
4454
4455
4457
4458
4458
4459
4466
4471
4473
4474
4477
4477
4484
4485
4492
4492
4492
4497
4498
4504
4504
4505
4510
4514
4514
4515
4523
4531
4534
4535
4542
4544
4544
4545
4547
4548
4550
4550
4554
4555
4558
4560
4562
4562
4563
4566
4566
4567
4569
4569
4569
4572
4575
4577
4589
4591
4592
4597
4599
4600
4601
4602
4606
4609
4615
4635
4638
4642
4643
4645
4648
4659
4659
4666
4669
4675
4676
4680
4681
4689
4690
4691
4693
4693
4695
4695
4696
4696
4696
4698
4700
4701
4701
4701
4707
4712
4716
4721
4724
4729
4731
4731
4732
4737
4752
4753
4755
4757
4757
4758
4759
4763
4771
4775
4776
4778
4779
4786
4798
4802
4803
4803
4805
4806
4808
4814
4816
4816
4823
4827
4830
4830
4835
4837
4837
4838
4840
4842
4846
4853
4860
4872
4878
4880
4882
4887
4889
4889
4889
4891
4896
4900
4908
4920
4921
4926
4927
4930
4932
4938
4942
4958
4962
4968
4980
4984
4988
4989
4989
4992
4992
5001
5004
5007
5009
5010
5011
5012
5013
5013
5018
5021
5021
5022
5024
5024
5025
5030
5033
5033
5037
5042
5046
5047
5049
5049
5049
5054
5064
5072
5078
5082
5083
5085
5085
5087
5088
5092
5097
5101
5110
5110
5111
5111
5117
5120
5122
5124
5126
5132
5132
5133
5133
5140
5141
5141
5145
5145
5145
5146
5146
5148
5153
5156
5157
5162
5165
5167
5167
5171
5174
5179
5185
5187
5193
5197
5197
5201
5204
5205
5206
5208
5212
5217
5219
5219
5223
5229
5230
5230
5242
5249
5253
5254
5256
5256
5256
5262
5264
5264
5266
5278
5279
5279
5280
5282
5285
5291
5300
5301
5307
5308
5309
5310
5313
5315
5315
5326
5326
5333
5333
5336
5338
5339
5339
5340
5342
5344
5344
5347
5348
5349
5351
5351
5353
5354
5357
5365
5366
5368
5368
5368
5373
5376
5391
5392
5401
5408
5409
5428
5429
5439
5444
5446
5455
5460
5462
5465
5465
5466
5471
5472
5475
5477
5480
5481
5483
5485
5490
5491
5501
5501
5506
5509
5511
5514
5516
5522
5526
5528
5528
5528
5533
5535
5538
5540
5543
5549
5552
5553
5556
5565
5565
5569
5571
5574
5576
5576
5576
5577
5582
5583
5583
5595
5599
5601
5604
5616
5617
5621
5624
5625
5627
5634
5635
5640
5643
5644
5644
5648
5651
5651
5656
5670
5674
5677
5677
5687
5702
5703
5711
5719
5720
5721
5722
5726
5729
5730
5730
5737
5737
5741
5741
5742
5744
5745
5749
5750
5750
5750
5750
5751
5751
5751
5759
5765
5777
5783
5790
5791
5795
5799
5800
5807
5807
5810
5817
5825
5828
5833
5851
5853
5856
5866
5868
5870
5878
5878
5880
5881
5885
5885
5886
5887
5888
5891
5893
5897
5900
5903
5906
5909
5919
5921
5922
5922
5926
5933
5939
5942
5948
5953
5953
5961
5964
5964
5966
5970
5971
5977
5980
5986
5987
6003
6004
6006
6006
6007
6013
6014
6016
6022
6024
6025
6026
6032
6035
6039
6044
6047
6049
6050
6052
6055
6058
6069
6070
6071
6078
6078
6105
6109
6111
6121
6122
6125
6128
6132
6133
6136
6137
6159
6163
6167
6168
6168
6171
6178
6181
6184
6186
6187
6187
6188
6189
6197
6209
6209
6210
6213
6215
6217
6227
6229
6235
6240
6243
6252
6252
6260
6261
6261
6261
6262
6263
6265
6265
6265
6266
6270
6273
6289
6293
6302
6303
6309
6310
6314
6316
6317
6319
6321
6330
6334
6337
6337
6348
6349
6349
6361
6366
6368
6371
6374
6379
6382
6383
6384
6390
6392
6394
6395
6399
6402
6410
6410
6410
6416
6417
6420
6420
6423
6424
6429
6431
6433
6435
6442
6442
6444
6444
6444
6445
6449
6450
6451
6454
6456
6463
6464
6473
6479
6482
6484
6485
6485
6487
6492
6498
6502
6502
6504
6505
6505
6505
6509
6512
6512
6513
6515
6516
6520
6531
6532
6538
6539
6540
6542
6544
6545
6547
6549
6555
6556
6556
6557
6558
6568
6569
6574
6575
6578
6582
6582
6594
6595
6598
6600
6605
6611
6613
6614
6617
6617
6619
6625
6631
6634
6635
6640
6644
6645
6648
6649
6650
6651
6657
6663
6667
6678
6689
6691
6702
6707
6708
6709
6713
6714
6714
6716
6716
6722
6724
6735
6743
6746
6749
6750
6751
6752
6758
6762
6765
6765
6766
6768
6769
6770
6772
6777
6779
6779
6781
6783
6797
6798
6799
6801
6803
6804
6812
6816
6824
6824
6828
6829
6831
6839
6840
6848
6848
6855
6857
6863
6865
6869
6869
6871
6872
6873
6874
6881
6887
6890
6896
6900
6911
6933
6935
6940
6940
6945
6954
6960
6965
6968
6969
6970
6986
6986
6989
6989
6996
6996
6998
6999
7004
7008
7012
7020
7022
7024
7026
7030
7033
7034
7039
7044
7046
7047
7062
7068
7071
7074
7078
7079
7081
7081
7081
7083
7086
7087
7091
7097
7102
7103
7106
7108
7110
7113
7115
7122
7124
7125
7125
7126
7133
7135
7136
7138
7139
7141
7147
7148
7151
7153
7154
7157
7160
7167
7168
7169
7170
7173
7178
7179
7181
7189
7190
7200
7202
7204
7210
7216
7224
7227
7228
7230
7232
7238
7239
7243
7245
7250
7251
7255
7256
7259
7261
7265
7268
7268
7268
7271
7275
7277
7278
7288
7298
7301
7303
7318
7320
7322
7336
7342
7342
7350
7365
7365
7374
7377
7382
7382
7386
7387
7390
7400
7406
7406
7411
7413
7414
7416
7417
7425
7425
7425
7426
7426
7429
7432
7441
7450
7451
7452
7452
7453
7455
7461
7465
7467
7471
7486
7487
7488
7494
7494
7497
7499
7502
7502
7503
7504
7506
7515
7515
7517
7518
7519
7526
7531
7534
7535
7535
7548
7551
7555
7557
7558
7560
7569
7569
7571
7574
7579
7583
7586
7586
7590
7596
7602
7603
7605
7607
7612
7613
7615
7616
7616
7617
7621
7621
7622
7628
7632
7636
7642
7642
7646
7646
7650
7651
7657
7660
7663
7663
7666
7667
7667
7668
7669
7676
7677
7679
7685
7687
7687
7711
7717
7729
7732
7737
7742
7744
7745
7748
7751
7751
7752
7752
7754
7755
7755
7762
7763
7764
7778
7779
7780
7782
7783
7784
7787
7787
7790
7795
7797
7808
7811
7817
7819
7819
7821
7825
7829
7829
7829
7834
7835
7836
7837
7840
7842
7853
7855
7863
7865
7868
7869
7870
7876
7879
7879
7879
7881
7881
7882
7885
7892
7892
7894
7896
7899
7903
7907
7908
7919
7921
7923
7926
7929
7934
7935
7936
7943
7948
7956
7958
7960
7965
7971
7981
7981
7982
7982
7983
7986
7988
7988
7990
7990
7994
7995
7996
7996
8001
8003
8004
8005
8010
8018
8022
8024
8025
8027
8028
8030
8031
8040
8041
8050
8050
8051
8058
8059
8061
8063
8066
8070
8075
8075
8078
8080
8086
8088
8089
8097
8100
8101
8104
8105
8106
8111
8114
8114
8120
8134
8144
8148
8149
8153
8155
8157
8159
8163
8164
8174
8175
8191
8192
8194
8195
8196
8204
8206
8208
8209
8210
8212
8216
8218
8225
8228
8229
8229
8231
8234
8235
8240
8242
8244
8244
8251
8254
8263
8264
8267
8274
8277
8277
8279
8280
8281
8286
8288
8291
8295
8297
8298
8299
8300
8302
8316
8318
8319
8327
8328
8328
8328
8336
8339
8344
8345
8347
8348
8350
8355
8357
8361
8365
8372
8374
8380
8382
8385
8388
8392
8394
8398
8401
8401
8401
8402
8402
8407
8407
8409
8413
8415
8416
8417
8421
8421
8425
8425
8429
8432
8434
8437
8437
8440
8442
8444
8445
8447
8449
8457
8459
8461
8462
8475
8476
8480
8480
8482
8486
8488
8491
8495
8502
8517
8518
8520
8528
8533
8533
8536
8537
8543
8543
8544
8544
8545
8548
8553
8554
8557
8557
8559
8559
8563
8564
8565
8565
8572
8577
8579
8579
8579
8585
8587
8587
8587
8596
8599
8604
8604
8608
8617
8625
8636
8640
8641
8646
8647
8651
8651
8657
8660
8661
8662
8673
8674
8675
8676
8678
8679
8682
8686
8686
8689
8692
8694
8695
8695
8702
8705
8707
8716
8717
8719
8730
8731
8733
8734
8734
8741
8744
8748
8748
8759
8760
8760
8760
8765
8767
8773
8776
8776
8777
8778
8785
8787
8788
8792
8797
8797
8800
8810
8811
8814
8818
8821
8821
8822
8825
8827
8829
8830
8831
8834
8839
8840
8841
8847
8848
8853
8855
8856
8856
8857
8860
8860
8868
8869
8872
8881
8882
8883
8885
8887
8893
8900
8903
8908
8912
8912
8913
8917
8917
8924
8925
8926
8929
8933
8934
8940
8943
8948
8955
8959
8960
8961
8962
8965
8968
8971
8971
8973
8974
8974
8975
8976
8983
8985
8986
8986
8990
8991
8994
8994
9005
9009
9010
9013
9016
9028
9032
9038
9040
9052
9055
9056
9057
9060
9061
9063
9065
9066
9066
9081
9082
9082
9083
9083
9086
9089
9090
9093
9096
9098
9103
9110
9112
9112
9116
9116
9119
9119
9120
9120
9124
9127
9128
9132
9137
9145
9154
9158
9160
9162
9165
9174
9176
9178
9180
9187
9195
9198
9203
9206
9209
9209
9211
9220
9223
9223
9225
9233
9234
9238
9239
9246
9265
9271
9272
9277
9280
9281
9292
9293
9298
9300
9301
9305
9306
9310
9311
9321
9323
9325
9326
9332
9334
9337
9337
9338
9338
9341
9344
9344
9346
9352
9358
9365
9371
9377
9377
9377
9385
9385
9391
9395
9397
9411
9413
9414
9418
9419
9423
9426
9430
9431
9431
9434
9435
9435
9436
9458
9458
9459
9464
9472
9473
9475
9478
9480
9481
9483
9485
9486
9498
9500
9503
9503
9507
9507
9507
9510
9511
9512
9514
9516
9517
9522
9522
9528
9532
9536
9539
9543
9549
9551
9551
9552
9553
9561
9568
9573
9578
9580
9582
9590
9591
9591
9596
9596
9597
9601
9605
9608
9609
9611
9616
9624
9624
9625
9629
9631
9631
9634
9638
9638
9639
9647
9650
9653
9663
9664
9666
9669
9675
9677
9681
9683
9684
9684
9686
9689
9691
9691
9700
9705
9711
9712
9712
9715
9727
9727
9733
9733
9735
9737
9739
9743
9746
9746
9752
9757
9759
9762
9762
9767
9767
9770
9773
9780
9790
9795
9797
9805
9806
9816
9821
9824
9828
9830
9830
9833
9837
9838
9840
9842
9846
9849
9852
9854
9861
9867
9868
9880
9898
9898
9900
9902
9906
9908
9910
9913
9918
9923
9924
9926
9927
9931
9937
9937
9946
9948
9950
9952
9956
9957
9960
9960
9962
9966
9966
9969
9975
9979
9987
9989
9989
9992
9997
9998
9999
10001
10005
10012
10013
10013
10014
10014
10023
10028
10037
10043
10044
10045
10046
10048
10050
10051
10052
10060
10063
10063
10072
10075
10081
10096
10098
10102
10106
10107
10114
10117
10118
10119
10122
10123
10128
10130
10145
10145
10146
10148
10149
10151
10151
10151
10152
10154
10154
10155
10158
10161
10168
10171
10175
10178
10187
10187
10190
10191
10199
10203
10205
10208
10209
10210
10211
10215
10216
10216
10218
10219
10220
10225
10227
10231
10232
10234
10236
10236
10236
10237
10237
10239
10248
10248
10251
10254
10261
10266
10267
10269
10273
10278
10279
10280
10281
10282
10283
10286
10287
10289
10296
10300
10307
10308
10309
10309
10322
10326
10338
10338
10340
10341
10345
10350
10350
10352
10353
10357
10365
10371
10377
10378
10380
10394
10397
10401
10402
10407
10407
10409
10411
10414
10418
10420
10420
10421
10421
10428
10429
10430
10431
10436
10437
10437
10446
10447
10449
10449
10452
10453
10457
10463
10464
10464
10466
10468
10469
10471
10472
10474
10474
10486
10488
10489
10491
10491
10493
10494
10497
10499
10499
10504
10516
10516
10518
10523
10523
10526
10533
10534
10538
10542
10544
10545
10545
10546
10548
10548
10548
10549
10551
10555
10556
10562
10568
10571
10585
10589
10590
10593
10594
10594
10594
10596
10599
10601
10604
10604
10605
10605
10607
10612
10619
10624
10624
10628
10629
10630
10630
10635
10648
10648
10650
10655
10657
10664
10664
10671
10675
10677
10683
10686
10690
10699
10704
10705
10706
10707
10711
10712
10715
10716
10716
10719
10728
10730
10733
10735
10741
10745
10763
10768
10775
10776
10776
10776
10781
10783
10784
10784
10787
10790
10798
10800
10806
10810
10811
10812
10818
10822
10823
10829
10830
10832
10839
10841
10844
10847
10848
10850
10851
10853
10864
10865
10866
10868
10869
10869
10872
10872
10872
10876
10878
10881
10890
10893
10894
10895
10903
10907
10908
10911
10916
10916
10918
10918
10919
10927
10934
10936
10936
10940
10944
10944
10944
10947
10955
10956
10958
10959
10962
10963
10964
10968
10971
10973
10974
10975
10975
10982
10986
10988
10991
10993
10994
10995
10997
10999
11001
11002
11008
11008
11010
11012
11012
11022
11025
11028
11030
11030
11030
11032
11036
11036
11039
11041
11043
11044
11046
11050
11058
11061
11062
11062
11062
11064
11073
11074
11074
11077
11079
11084
11087
11089
11093
11094
11098
11105
11106
11107
11111
11115
11119
11119
11120
11122
11127
11129
11133
11133
11136
11137
11138
11140
11143
11147
11152
11153
11154
11158
11166
11172
11173
11175
11175
11182
11188
11190
11203
11218
11221
11228
11228
11232
11235
11239
11243
11244
11249
11253
11254
11263
11265
11269
11270
11271
11273
11293
11294
11297
11304
11305
11306
11309
11317
11318
11318
11321
11323
11323
11324
11327
11330
11336
11340
11341
11343
11346
11346
11348
11349
11350
11356
11356
11358
11358
11362
11366
11371
11373
11376
11378
11381
11386
11402
11403
11407
11410
11411
11411
11420
11425
11426
11434
11434
11435
11437
11439
11443
11445
11448
11453
11454
11454
11459
11462
11462
11462
11464
11468
11469
11470
11478
11479
11482
11485
11487
11487
11496
11497
11498
11500
11500
11504
11505
11507
11508
11510
11512
11513
11522
11522
11529
11532
11537
11537
11539
11543
11544
11547
11547
11548
11549
11555
11555
11563
11564
11566
11568
11578
11580
11582
11583
11592
11599
11599
11605
11607
11608
11618
11621
11622
11635
11637
11638
11640
11648
11648
11668
11668
11672
11673
11677
11681
11686
11696
11703
11704
11707
11709
11714
11716
11717
11722
11727
11732
11734
11735
11736
11739
11750
11752
11758
11761
11762
11766
11768
11772
11776
11777
11778
11786
11788
11790
11792
11793
11795
11802
11805
11811
11815
11816
11816
11821
11823
11827
11830
11833
11834
11838
11842
11843
11845
11845
11847
11851
11863
11867
11875
11887
11890
11895
11899
11902
11903
11904
11905
11906
11919
11922
11922
11923
11924
11925
11925
11925
11934
11948
11952
11956
11958
11961
11974
11984
11986
11986
11987
11991
11993
11999
12000
12000
12016
12033
12037
12038
12041
12043
12048
12051
12052
12054
12058
12067
12067
12069
12069
12070
12074
12076
12078
12079
12081
12084
12085
12092
12098
12098
12099
12103
12106
12108
12109
12114
12116
12117
12120
12126
12128
12128
12130
12134
12144
12146
12147
12149
12155
12160
12163
12165
12165
12166
12166
12169
12169
12170
12171
12172
12173
12176
12178
12183
12183
12184
12185
12194
12212
12215
12218
12218
12220
12220
12229
12229
12232
12233
12237
12239
12239
12249
12250
12252
12261
12261
12269
12270
12277
12281
12283
12289
12292
12295
12297
12303
12308
12312
12317
12321
12322
12324
12325
12326
12327
12332
12334
12338
12340
12346
12355
12360
12369
12372
12372
12372
12372
12378
12379
12380
12381
12382
12383
12387
12387
12388
12388
12389
12390
12400
12401
12408
12410
12411
12411
12416
12418
12418
12419
12425
12426
12431
12431
12437
12438
12439
12440
12449
12449
12450
12450
12452
12453
12460
12461
12468
12472
12472
12473
12482
12483
12485
12492
12494
12502
12503
12504
12505
12505
12511
12516
12518
12521
12522
12522
12530
12531
12534
12535
12536
12536
12536
12547
12554
12557
12560
12560
12565
12566
12566
12568
12570
12571
12575
12575
12577
12579
12588
12592
12594
12595
12596
12603
12607
12607
12609
12609
12612
12616
12617
12621
12623
12630
12631
12637
12641
12646
12652
12653
12659
12659
12663
12665
12670
12673
12674
12675
12678
12679
12686
12690
12694
12699
12702
12704
12710
12710
12712
12714
12716
12717
12722
12725
12726
12729
12733
12736
12737
12737
12755
12757
12757
12759
12774
12775
12776
12778
12781
12785
12801
12804
12805
12808
12812
12825
12827
12829
12834
12839
12845
12847
12853
12856
12858
12862
12864
12865
12878
12895
12900
12906
12906
12910
12911
12914
12919
12920
12922
12926
12927
12928
12928
12931
12935
12939
12940
12941
12947
12951
12955
12961
12965
12967
12968
12970
12975
12976
12984
12986
12993
12995
12996
12997
13000
13003
13003
13010
13011
13021
13025
13025
13030
13046
13057
13061
13063
13065
13066
13067
13069
13077
13079
13079
13084
13090
13090
13091
13092
13092
13093
13095
13110
13111
13112
13114
13115
13115
13116
13117
13117
13123
13128
13130
13139
13141
13142
13144
13148
13148
13150
13151
13158
13159
13160
13167
13174
13175
13175
13178
13178
13183
13183
13183
13183
13196
13197
13197
13199
13200
13205
13208
13218
13221
13222
13224
13224
13226
13227
13228
13228
13234
13235
13238
13244
13246
13247
13248
13250
13250
13253
13261
13265
13272
13274
13275
13277
13278
13281
13282
13286
13289
13292
13293
13294
13295
13297
13309
13310
13314
13315
13321
13322
13327
13330
13338
13341
13342
13349
13359
13360
13361
13365
13366
13370
13377
13377
13383
13383
13387
13390
13395
13397
13404
13404
13410
13410
13412
13412
13413
13414
13415
13418
13423
13424
13446
13447
13448
13449
13455
13460
13461
13462
13463
13463
13466
13468
13469
13473
13475
13481
13483
13487
13490
13494
13498
13501
13506
13509
13511
13521
13528
13529
13530
13531
13531
13533
13533
13537
13538
13539
13541
13541
13545
13550
13553
13555
13555
13561
13567
13572
13576
13578
13579
13579
13581
13586
13587
13589
13591
13592
13600
13600
13602
13603
13606
13607
13616
13617
13625
13628
13633
13638
13639
13641
13642
13644
13647
13650
13651
13655
13660
13666
13672
13674
13675
13679
13679
13680
13680
13683
13690
13699
13700
13701
13703
13706
13716
13718
13718
13720
13733
13734
13737
13743
13744
13746
13747
13751
13751
13753
13757
13760
13765
13766
13771
13772
13772
13773
13778
13781
13794
13798
13798
13809
13810
13813
13815
13816
13816
13817
13821
13824
13827
13828
13831
13833
13836
13841
13846
13847
13848
13850
13851
13860
13862
13866
13868
13870
13876
13879
13886
13896
13902
13902
13903
13906
13907
13907
13909
13910
13912
13915
13916
13917
13918
13922
13926
13929
13930
13932
13936
13938
13940
13945
13945
13947
13951
13955
13955
13958
13958
13961
13965
13968
13970
13972
13976
13984
13986
13987
13987
13987
13992
13993
13996
14006
14015
14026
14029
14031
14038
14049
14059
14062
14063
14064
14068
14068
14073
14073
14076
14080
14083
14085
14095
14095
14096
14097
14100
14100
14102
14103
14108
14115
14123
14130
14137
14143
14145
14146
14147
14148
14148
14150
14154
14157
14167
14172
14173
14180
14189
14195
14197
14204
14204
14206
14210
14213
14214
14218
14219
14221
14231
14237
14239
14239
14243
14244
14245
14246
14249
14250
14252
14255
14256
14267
14267
14268
14277
14279
14280
14282
14283
14284
14287
14290
14296
14298
14301
14302
14306
14307
14309
14309
14310
14314
14316
14318
14320
14322
14322
14325
14327
14333
14344
14344
14348
14348
14350
14354
14356
14360
14361
14362
14368
14373
14373
14383
14386
14386
14387
14390
14395
14397
14407
14411
14417
14418
14419
14432
14432
14433
14442
14443
14446
14447
14448
14451
14454
14457
14458
14459
14461
14465
14469
14469
14471
14474
14475
14475
14480
14482
14482
14486
14488
14506
14511
14515
14519
14523
14525
14528
14531
14532
14533
14537
14537
14541
14542
14542
14543
14543
14551
14553
14559
14565
14565
14567
14571
14591
14593
14598
14603
14610
14612
14615
14616
14625
14626
14626
14627
14629
14630
14632
14638
14643
14646
14650
14650
14653
14653
14661
14661
14662
14664
14665
14671
14671
14680
14681
14682
14685
14688
14689
14690
14692
14700
14701
14703
14704
14706
14708
14708
14712
14713
14722
14723
14725
14728
14732
14736
14737
14744
14759
14772
14776
14778
14783
14785
14790
14794
14798
14800
14802
14805
14806
14806
14808
14809
14810
14819
14820
14823
14825
14827
14830
14830
14835
14835
14838
14839
14839
14840
14841
14842
14848
14849
14853
14853
14854
14857
14857
14861
14863
14869
14870
14872
14877
14877
14886
14889
14890
14895
14902
14903
14904
14904
14907
14908
14913
14928
14932
14938
14945
14946
14951
14955
14959
14960
14963
14964
14964
14965
14972
14972
14975
14976
14979
14990
14993
14998
15004
15011
15014
15020
15030
15036
15037
15038
15040
15043
15049
15050
15051
15052
15061
15072
15074
15076
15082
15086
15087
15093
15095
15102
15104
15109
15111
15120
15123
15131
15138
15140
15142
15144
15144
15146
15148
15149
15149
15150
15157
15163
15166
15176
15184
15185
15189
15198
15199
15199
15203
15203
15204
15206
15214
15215
15219
15222
15228
15229
15237
15243
15244
15246
15247
15247
15249
15250
15258
15259
15263
15266
15269
15270
15271
15284
15284
15286
15287
15293
15296
15298
15302
15303
15303
15312
15315
15322
15323
15324
15326
15327
15328
15336
15337
15339
15341
15346
15347
15351
15353
15354
15360
15361
15362
15363
15366
15366
15367
15367
15373
15374
15374
15385
15394
15395
15397
15412
15412
15413
15416
15416
15427
15428
15433
15435
15437
15448
15450
15452
15453
15456
15457
15458
15459
15459
15465
15468
15471
15471
15473
15474
15485
15486
15486
15488
15488
15489
15490
15491
15491
15495
15496
15502
15504
15521
15521
15525
15530
15532
15542
15543
15549
15551
15557
15561
15562
15563
15563
15572
15572
15573
15577
15578
15582
15583
15585
15586
15592
15593
15597
15597
15599
15605
15607
15610
15613
15617
15617
15623
15627
15627
15640
15641
15643
15644
15646
15658
15672
15677
15682
15682
15686
15686
15687
15690
15698
15699
15703
15709
15710
15712
15712
15714
15718
15722
15729
15735
15736
15741
15742
15747
15747
15750
15750
15752
15757
15757
15759
15760
15761
15764
15764
15770
15772
15778
15779
15781
15781
15783
15783
15783
15786
15786
15788
15792
15798
15799
15803
15806
15807
15812
15814
15815
15818
15818
15823
15825
15829
15830
15833
15833
15838
15841
15841
15850
15850
15856
15863
15868
15870
15873
15879
15889
15891
15893
15894
15894
15896
15903
15903
15910
15911
15920
15923
15925
15925
15926
15926
15930
15932
15933
15934
15934
15934
15940
15940
15943
15945
15950
15957
15958
15961
15963
15969
15970
15973
15975
15980
15984
15984
15992
15994
15996
15998
16002
16011
16011
16016
16016
16018
16019
16019
16023
16024
16025
16028
16030
16031
16031
16034
16035
16041
16046
16048
16058
16070
16071
16076
16078
16085
16086
16087
16090
16098
16098
16099
16101
16101
16103
16104
16105
16110
16111
16112
16116
16120
16122
16124
16125
16128
16131
16137
16138
16142
16148
16148
16149
16150
16159
16159
16160
16161
16161
16175
16179
16186
16196
16201
16203
16203
16203
16208
16210
16216
16218
16224
16230
16231
16239
16242
16246
16247
16248
16252
16267
16283
16284
16285
16288
16302
16304
16309
16310
16312
16313
16314
16316
16317
16319
16333
16336
16340
16341
16343
16344
16344
16348
16350
16353
16353
16361
16362
16363
16372
16377
16394
16396
16399
16400
16405
16407
16407
16408
16415
16417
16427
16428
16441
16441
16448
16453
16455
16460
16462
16465
16472
16474
16474
16476
16480
16486
16489
16490
16490
16493
16499
16499
16502
16503
16504
16512
16515
16520
16526
16531
16535
16536
16536
16540
16540
16541
16542
16547
16548
16549
16556
16559
16561
16563
16564
16564
16565
16565
16567
16570
16572
16576
16577
16577
16577
16583
16584
16585
16586
16587
16587
16592
16595
16595
16597
16600
16602
16603
16603
16608
16608
16616
16620
16624
16625
16625
16639
16640
16642
16644
16649
16650
16657
16658
16661
16661
16666
16673
16678
16680
16706
16706
16711
16714
16719
16723
16730
16735
16743
16747
16749
16751
16752
16761
16761
16761
16764
16769
16774
16785
16786
16787
16792
16799
16805
16809
16809
16809
16812
16812
16816
16816
16817
16820
16823
16828
16836
16843
16844
16845
16854
16859
16860
16864
16864
16866
16869
16874
16875
16881
16882
16884
16886
16887
16889
16889
16892
16893
16894
16894
16897
16899
16900
16905
16906
16906
16907
16914
16916
16918
16919
16923
16923
16923
16929
16930
16933
16933
16936
16939
16941
16941
16941
16943
16943
16949
16949
16952
16954
16955
16955
16955
16973
16979
16981
16987
16995
16998
17001
17002
17004
17006
17009
17017
17020
17026
17029
17032
17037
17037
17043
17049
17049
17057
17059
17063
17065
17071
17071
17076
17082
17085
17085
17088
17092
17092
17097
17097
17105
17105
17108
17109
17114
17115
17119
17120
17121
17123
17125
17136
17141
17148
17158
17163
17164
17166
17166
17167
17168
17170
17172
17174
17175
17176
17181
17192
17195
17199
17201
17204
17214
17215
17219
17225
17225
17226
17233
17235
17238
17245
17245
17246
17247
17248
17248
17249
17250
17255
17259
17259
17260
17272
17273
17275
17277
17280
17283
17283
17286
17290
17292
17301
17304
17304
17307
17307
17307
17312
17312
17313
17316
17318
17321
17322
17329
17332
17336
17338
17339
17340
17342
17345
17349
17351
17355
17355
17355
17357
17366
17378
17382
17389
17389
17390
17393
17396
17397
17403
17411
17412
17418
17420
17423
17423
17425
17429
17433
17435
17443
17452
17455
17456
17460
17462
17464
17470
17471
17474
17479
17479
17481
17486
17487
17487
17492
17493
17495
17498
17501
17502
17502
17503
17510
17512
17513
17514
17515
17518
17525
17533
17535
17536
17536
17543
17544
17549
17551
17556
17567
17567
17570
17572
17573
17573
17575
17578
17581
17586
17587
17587
17596
17600
17602
17607
17607
17607
17608
17608
17609
17612
17613
17614
17617
17625
17626
17626
17628
17640
17646
17647
17647
17654
17658
17662
17663
17675
17676
17677
17677
17680
17681
17682
17687
17690
17691
17697
17704
17705
17708
17715
17722
17726
17730
17730
17731
17734
17735
17743
17747
17747
17749
17750
17751
17757
17761
17766
17776
17787
17787
17792
17794
17796
17809
17818
17820
17830
17837
17842
17844
17850
17857
17859
17859
17862
17864
17864
17869
17872
17873
17878
17879
17882
17885
17886
17903
17904
17910
17911
17914
17916
17921
17921
17923
17924
17930
17937
17937
17938
17941
17947
17949
17952
17953
17953
17958
17960
17960
17961
17963
17969
17969
17970
17972
17976
17986
17988
17992
17992
17994
17994
17998
18000
18007
18012
18013
18017
18021
18022
18023
18026
18047
18048
18048
18052
18061
18062
18063
18065
18069
18076
18077
18080
18082
18082
18094
18095
18098
18100
18102
18104
18113
18119
18120
18122
18125
18127
18130
18130
18130
18132
18133
18138
18141
18145
18146
18147
18147
18148
18149
18151
18153
18159
18166
18169
18171
18171
18172
18175
18177
18178
18182
18184
18187
18188
18196
18200
18206
18207
18211
18215
18216
18218
18225
18229
18236
18238
18245
18247
18250
18255
18258
18259
18262
18268
18272
18277
18286
18288
18289
18291
18301
18302
18305
18320
18327
18334
18334
18348
18351
18356
18357
18357
18358
18369
18370
18373
18374
18378
18379
18384
18384
18391
18395
18397
18398
18406
18406
18415
18416
18418
18422
18423
18431
18433
18436
18443
18446
18447
18449
18453
18456
18456
18459
18463
18467
18468
18471
18471
18481
18486
18493
18496
18497
18499
18508
18517
18517
18519
18523
18537
18548
18548
18552
18554
18556
18561
18564
18568
18570
18574
18577
18583
18584
18586
18589
18590
18590
18590
18593
18595
18598
18599
18602
18603
18604
18606
18611
18611
18616
18621
18625
18625
18628
18628
18633
18634
18636
18639
18643
18645
18646
18646
18649
18659
18664
18667
18675
18680
18682
18685
18686
18687
18687
18692
18699
18700
18706
18709
18710
18720
18729
18730
18733
18738
18742
18748
18752
18752
18753
18754
18755
18758
18758
18759
18761
18762
18776
18778
18779
18788
18788
18796
18797
18800
18811
18811
18811
18814
18816
18821
18828
18829
18831
18832
18832
18834
18845
18861
18864
18866
18868
18869
18871
18872
18872
18875
18875
18877
18878
18880
18881
18889
18890
18893
18893
18897
18902
18907
18908
18923
18933
18937
18938
18944
18946
18947
18949
18950
18954
18954
18958
18966
18969
18970
18979
18983
18985
18985
18990
18990
18991
18992
18994
18995
18998
19000
19002
19004
19006
19013
19016
19017
19019
19027
19028
19030
19032
19037
19042
19052
19052
19056
19063
19065
19066
19075
19076
19077
19077
19081
19088
19097
19099
19101
19109
19109
19110
19112
19123
19126
19128
19128
19136
19139
19140
19141
19143
19155
19158
19159
19161
19161
19163
19168
19176
19185
19188
19195
19195
19199
19200
19203
19208
19212
19212
19215
19227
19231
19235
19236
19237
19237
19238
19240
19241
19246
19251
19253
19263
19263
19275
19277
19278
19282
19288
19289
19292
19299
19303
19306
19309
19309
19322
19331
19333
19333
19333
19344
19346
19346
19358
19359
19359
19360
19365
19373
19379
19391
19391
19393
19395
19399
19405
19406
19409
19411
19416
19419
19421
19421
19434
19442
19443
19450
19461
19468
19470
19472
19474
19475
19476
19486
19488
19491
19494
19495
19497
19504
19508
19510
19512
19514
19516
19517
19517
19517
19521
19528
19529
19538
19538
19539
19542
19547
19552
19556
19557
19557
19557
19557
19557
19558
19558
19559
19562
19563
19575
19575
19576
19576
19579
19582
19586
19588
19589
19592
19593
19594
19598
19602
19603
19605
19605
19619
19619
19620
19623
19633
19634
19635
19637
19640
19641
19642
19647
19648
19649
19651
19654
19657
19663
19664
19666
19667
19671
19671
19671
19680
19681
19685
19689
19690
19693
19693
19696
19696
19697
19701
19703
19709
19711
19711
19712
19723
19725
19726
19726
19728
19730
19733
19737
19738
19744
19746
19747
19758
19759
19759
19765
19766
19773
19778
19783
19784
19798
19803
19809
19810
19814
19814
19820
19822
19822
19823
19826
19835
19836
19840
19853
19861
19863
19864
19864
19868
19868
19874
19877
19877
19881
19881
19881
19888
19893
19902
19902
19905
19907
19909
19912
19914
19915
19916
19917
19921
19928
19929
19930
19933
19934
19936
19937
19940
19942
19943
19946
19947
19948
19953
19955
19957
19967
19967
19972
19975
19976
19985
19987
19988
19993
19994
19996
19996
19999
20015
20017
20022
20028
20029
20032
20033
20039
20046
20047
20050
20052
20053
20055
20057
20060
20064
20067
20075
20080
20083
20096
20113
20114
20118
20123
20124
20126
20129
20131
20131
20137
20138
20139
20139
20140
20143
20145
20149
20157
20158
20159
20164
20168
20173
20178
20197
20198
20206
20207
20209
20211
20212
20213
20216
20220
20224
20237
20238
20245
20250
20259
20262
20262
20270
20270
20271
20273
20288
20296
20297
20301
20305
20306
20318
20323
20333
20344
20348
20357
20358
20372
20376
20379
20384
20386
20392
20392
20393
20394
20397
20398
20420
20424
20426
20427
20428
20430
20436
20437
20440
20441
20443
20445
20446
20451
20452
20455
20455
20457
20459
20461
20466
20466
20469
20480
20485
20487
20494
20496
20501
20504
20505
20508
20510
20520
20520
20521
20529
20534
20538
20546
20547
20550
20554
20557
20557
20560
20564
20567
20568
20576
20583
20587
20587
20591
20597
20597
20600
20600
20601
20603
20607
20610
20612
20615
20625
20625
20629
20635
20637
20639
20644
20646
20646
20652
20652
20655
20656
20660
20661
20663
20687
20688
20688
20709
20709
20712
20712
20718
20720
20726
20729
20729
20735
20744
20747
20748
20753
20754
20754
20755
20755
20757
20762
20762
20764
20765
20765
20773
20779
20782
20783
20785
20788
20790
20791
20792
20802
20805
20808
20819
20828
20829
20829
20830
20836
20837
20838
20840
20847
20847
20853
20856
20859
20864
20864
20867
20878
20881
20882
20883
20884
20888
20897
20900
20904
20911
20912
20912
20913
20914
20916
20917
20919
20924
20925
20932
20935
20937
20939
20940
20941
20942
20945
20946
20947
20951
20951
20956
20957
20963
20969
20970
20975
20986
20987
20987
20989
20990
20990
20994
20996
21002
21004
21005
21005
21010
21013
21015
21030
21031
21035
21043
21051
21052
21052
21060
21062
21071
21082
21088
21089
21097
21099
21100
21102
21103
21111
21111
21112
21114
21115
21123
21127
21129
21129
21135
21146
21150
21159
21162
21172
21172
21174
21174
21184
21189
21190
21190
21197
21199
21202
21203
21206
21212
21215
21217
21220
21225
21233
21238
21241
21245
21247
21247
21249
21250
21250
21251
21252
21256
21257
21257
21259
21259
21260
21261
21264
21264
21276
21279
21281
21285
21287
21291
21299
21306
21313
21320
21323
21328
21328
21329
21330
21331
21332
21337
21347
21348
21350
21360
21374
21379
21379
21380
21381
21396
21399
21404
21413
21420
21432
21432
21438
21452
21454
21455
21459
21460
21461
21462
21463
21468
21468
21469
21472
21474
21476
21476
21478
21481
21482
21492
21497
21510
21516
21518
21525
21526
21535
21538
21548
21548
21549
21554
21554
21557
21558
21558
21565
21568
21568
21570
21572
21573
21577
21582
21582
21587
21589
21598
21599
21602
21610
21618
21622
21626
21627
21639
21642
21642
21643
21647
21647
21652
21653
21659
21664
21675
21679
21681
21682
21691
21697
21699
21700
21701
21704
21707
21708
21709
21713
21715
21718
21719
21726
21729
21731
21732
21732
21734
21735
21740
21740
21744
21744
21752
21757
21762
21763
21764
21765
21776
21782
21783
21784
21785
21785
21786
21787
21789
21792
21792
21798
21803
21811
21811
21818
21823
21832
21835
21842
21844
21848
21858
21861
21863
21863
21864
21866
21866
21868
21869
21871
21878
21879
21887
21888
21893
21893
21895
21900
21901
21905
21907
21914
21914
21915
21921
21922
21923
21928
21934
21939
21941
21941
21942
21944
21945
21949
21953
21960
21967
21968
21968
21974
21978
21986
21990
21996
21998
22003
22005
22005
22009
22013
22022
22028
22029
22033
22038
22040
22045
22045
22053
22054
22065
22067
22068
22071
22077
22077
22081
22085
22086
22092
22096
22102
22103
22112
22117
22118
22118
22119
22128
22129
22131
22133
22135
22138
22138
22144
22146
22150
22154
22161
22165
22172
22185
22189
22191
22201
22206
22211
22217
22219
22219
22221
22222
22226
22226
22227
22228
22231
22250
22251
22260
22261
22278
22281
22282
22286
22287
22287
22288
22288
22289
22294
22298
22305
22308
22312
22318
22319
22320
22322
22325
22326
22329
22338
22339
22342
22343
22344
22344
22345
22346
22346
22348
22354
22357
22361
22363
22363
22364
22366
22369
22373
22378
22385
22387
22388
22390
22398
22398
22409
22411
22414
22414
22415
22416
22417
22418
22419
22430
22433
22443
22445
22448
22452
22452
22453
22466
22468
22475
22478
22491
22501
22504
22506
22507
22512
22513
22517
22518
22523
22527
22528
22537
22539
22539
22540
22544
22545
22551
22553
22553
22559
22568
22570
22573
22574
22578
22584
22585
22587
22587
22588
22597
22600
22603
22608
22609
22609
22611
22614
22625
22629
22634
22634
22635
22636
22645
22646
22652
22652
22662
22664
22665
22666
22670
22671
22672
22674
22677
22681
22682
22687
22688
22693
22697
22699
22702
22703
22705
22714
22715
22715
22728
22731
22732
22734
22734
22742
22744
22748
22748
22750
22751
22754
22755
22757
22761
22761
22762
22766
22766
22767
22768
22769
22771
22780
22783
22785
22786
22791
22795
22801
22802
22803
22804
22806
22807
22809
22812
22814
22821
22825
22831
22836
22839
22840
22845
22847
22850
22851
22854
22855
22855
22864
22870
22872
22874
22877
22877
22879
22880
22907
22907
22912
22912
22925
22930
22932
22933
22933
22939
22954
22956
22957
22958
22963
22966
22972
22977
22978
22979
22983
22985
22992
22994
23006
23006
23009
23015
23023
23025
23029
23029
23032
23033
23037
23038
23038
23042
23051
23056
23057
23057
23062
23065
23066
23067
23074
23082
23089
23089
23089
23091
23093
23095
23098
23099
23102
23106
23107
23108
23110
23116
23118
23119
23123
23125
23136
23143
23150
23152
23152
23163
23163
23164
23171
23174
23189
23195
23199
23200
23203
23205
23210
23210
23212
23218
23219
23223
23223
23225
23229
23230
23234
23234
23235
23236
23241
23244
23249
23253
23256
23257
23259
23260
23263
23268
23273
23277
23277
23278
23282
23288
23292
23297
23301
23303
23307
23317
23317
23322
23324
23326
23329
23333
23334
23336
23337
23338
23344
23348
23349
23351
23352
23353
23355
23357
23361
23361
23365
23368
23370
23385
23388
23390
23401
23403
23408
23411
23411
23412
23413
23416
23418
23424
23439
23441
23443
23449
23450
23450
23459
23468
23468
23477
23477
23484
23486
23487
23493
23496
23499
23499
23500
23506
23506
23511
23517
23519
23525
23528
23532
23542
23547
23553
23553
23563
23568
23569
23570
23572
23583
23590
23594
23595
23600
23605
23613
23617
23621
23643
23645
23645
23647
23648
23649
23649
23656
23662
23668
23670
23680
23682
23684
23689
23692
23694
23695
23696
23703
23706
23707
23710
23715
23717
23721
23723
23724
23727
23727
23732
23736
23739
23741
23746
23748
23749
23750
23754
23756
23758
23758
23768
23772
23780
23782
23790
23795
23801
23802
23803
23803
23809
23812
23813
23815
23815
23816
23817
23818
23819
23824
23831
23831
23831
23836
23841
23843
23843
23844
23844
23847
23849
23854
23856
23857
23861
23866
23867
23869
23870
23870
23877
23884
23894
23901
23903
23907
23909
23910
23912
23920
23921
23921
23922
23922
23925
23925
23928
23928
23929
23936
23938
23940
23943
23947
23947
23948
23954
23955
23961
23963
23974
23979
23982
23987
23991
23993
23994
23998
24007
24007
24007
24010
24017
24018
24018
24019
24022
24028
24029
24033
24033
24033
24042
24043
24044
24049
24049
24062
24064
24066
24068
24070
24077
24081
24082
24085
24086
24088
24090
24091
24093
24095
24096
24102
24114
24114
24118
24120
24123
24125
24133
24136
24142
24142
24145
24146
24148
24149
24150
24150
24152
24152
24159
24160
24160
24172
24173
24177
24182
24188
24190
24194
24196
24197
24197
24198
24207
24208
24213
24218
24227
24234
24236
24239
24239
24239
24245
24249
24250
24250
24251
24260
24264
24265
24266
24268
24276
24276
24278
24283
24290
24293
24296
24301
24305
24306
24308
24308
24311
24316
24317
24318
24326
24332
24334
24335
24336
24338
24340
24345
24348
24351
24358
24358
24360
24368
24369
24370
24376
24378
24380
24380
24385
24387
24395
24400
24408
24411
24411
24414
24417
24420
24422
24423
24435
24437
24443
24443
24445
24445
24449
24449
24451
24456
24459
24465
24474
24481
24490
24491
24497
24504
24504
24508
24509
24518
24519
24521
24525
24531
24532
24533
24544
24547
24554
24554
24566
24567
24576
24586
24588
24593
24597
24600
24600
24601
24604
24605
24605
24607
24615
24617
24621
24624
24627
24628
24632
24636
24638
24643
24652
24658
24659
24659
24662
24667
24669
24672
24673
24676
24678
24679
24680
24689
24689
24692
24694
24703
24703
24706
24708
24709
24709
24715
24719
24719
24722
24723
24728
24728
24734
24735
24738
24738
24742
24743
24747
24756
24757
24761
24762
24763
24764
24765
24769
24769
24769
24774
24778
24788
24793
24798
24800
24801
24807
24811
24813
24815
24825
24825
24827
24828
24830
24832
24834
24842
24845
24848
24852
24853
24856
24856
24859
24861
24863
24871
24873
24873
24873
24881
24881
24883
24889
24892
24893
24895
24898
24899
24905
24913
24915
24916
24920
24920
24924
24926
24929
24936
24937
24940
24942
24948
24952
24952
24956
24960
24963
24965
24968
24968
24969
24973
24976
24978
24979
24980
24982
24985
24985
24987
24991
24994
24995
24999
25005
25010
25015
25017
25021
25021
25021
25026
25027
25028
25030
25035
25037
25038
25039
25039
25040
25041
25044
25051
25062
25064
25065
25065
25066
25069
25069
25071
25074
25078
25079
25080
25082
25091
25092
25093
25098
25098
25100
25103
25105
25109
25114
25117
25119
25122
25125
25127
25129
25137
25137
25140
25140
25140
25141
25142
25147
25148
25150
25157
25160
25162
25172
25174
25175
25176
25185
25187
25188
25191
25192
25198
25207
25209
25219
25222
25232
25233
25237
25238
25241
25242
25242
25245
25247
25250
25250
25251
25253
25253
25255
25255
25256
25258
25258
25259
25270
25270
25274
25277
25279
25279
25282
25285
25290
25296
25299
25300
25310
25318
25319
25321
25322
25323
25325
25326
25326
25327
25329
25330
25331
25331
25340
25340
25341
25345
25347
25350
25353
25358
25361
25362
25368
25373
25377
25378
25378
25391
25393
25396
25396
25400
25400
25400
25401
25409
25430
25437
25438
25440
25440
25445
25446
25449
25452
25453
25462
25464
25464
25465
25465
25467
25472
25474
25474
25485
25488
25489
25491
25498
25503
25504
25519
25522
25525
25526
25528
25530
25531
25546
25551
25551
25555
25556
25558
25565
25568
25572
25575
25576
25578
25580
25582
25592
25594
25595
25601
25601
25601
25605
25606
25606
25609
25615
25617
25624
25633
25633
25634
25645
25653
25662
25672
25688
25691
25697
25705
25708
25709
25709
25711
25712
25715
25717
25719
25721
25722
25723
25724
25730
25733
25738
25740
25744
25744
25746
25748
25748
25752
25765
25768
25771
25772
25773
25779
25780
25781
25788
25792
25793
25796
25797
25797
25806
25809
25812
25812
25815
25820
25821
25823
25831
25834
25843
25843
25844
25849
25858
25861
25862
25863
25864
25866
25867
25886
25895
25895
25900
25901
25903
25906
25907
25908
25922
25923
25926
25937
25943
25948
25948
25961
25962
25974
25974
25976
25989
25995
26003
26006
26008
26011
26015
26020
26025
26026
26034
26036
26047
26049
26054
26064
26065
26068
26068
26076
26077
26077
26079
26086
26093
26100
26105
26111
26113
26113
26116
26124
26124
26125
26131
26131
26138
26147
26152
26153
26157
26169
26172
26172
26186
26187
26189
26192
26193
26194
26195
26197
26197
26199
26201
26202
26206
26208
26210
26210
26210
26210
26211
26217
26219
26223
26227
26231
26232
26237
26243
26243
26250
26254
26270
26277
26279
26294
26313
26326
26329
26329
26332
26332
26337
26340
26343
26345
26348
26350
26350
26350
26355
26356
26357
26360
26362
26362
26363
26363
26366
26368
26372
26372
26372
26373
26373
26373
26379
26380
26382
26383
26384
26386
26387
26388
26393
26395
26396
26403
26410
26417
26420
26423
26424
26429
26429
26431
26433
26433
26437
26443
26446
26446
26454
26455
26459
26461
26468
26468
26471
26473
26479
26479
26481
26481
26482
26482
26491
26493
26499
26501
26502
26507
26518
26518
26519
26522
26522
26523
26524
26530
26536
26537
26539
26541
26541
26543
26544
26546
26547
26549
26552
26553
26557
26559
26560
26564
26565
26566
26574
26580
26581
26585
26589
26591
26592
26592
26593
26593
26595
26597
26598
26612
26615
26623
26628
26633
26635
26636
26637
26646
26651
26660
26662
26665
26671
26673
26674
26680
26682
26684
26685
26692
26694
26695
26696
26704
26710
26712
26714
26715
26718
26718
26720
26722
26723
26728
26740
26747
26751
26758
26760
26760
26761
26766
26768
26770
26771
26771
26771
26784
26784
26789
26791
26795
26796
26797
26798
26808
26811
26811
26816
26823
26829
26830
26831
26832
26832
26837
26838
26838
26842
26843
26843
26849
26852
26853
26854
26854
26858
26861
26865
26866
26868
26871
26872
26879
26883
26885
26887
26894
26899
26899
26899
26907
26913
26913
26915
26916
26917
26928
26928
26928
26932
26933
26936
26936
26941
26943
26944
26947
26949
26950
26953
26953
26959
26960
26963
26965
26965
26966
26967
26971
26975
26977
26978
26981
26984
26984
26985
26986
26988
26996
27004
27006
27008
27009
27010
27015
27018
27019
27022
27023
27024
27031
27032
27038
27039
27045
27046
27056
27057
27057
27058
27059
27060
27061
27063
27064
27083
27087
27090
27094
27100
27105
27106
27110
27111
27116
27131
27131
27132
27133
27137
27138
27143
27143
27145
27146
27149
27150
27153
27154
27156
27158
27158
27161
27163
27165
27165
27166
27171
27176
27185
27186
27189
27192
27194
27209
27209
27211
27215
27221
27222
27223
27229
27233
27234
27235
27237
27237
27240
27245
27246
27246
27247
27252
27254
27255
27264
27268
27270
27270
27270
27274
27274
27280
27281
27289
27293
27294
27299
27300
27300
27305
27307
27307
27308
27319
27319
27320
27327
27327
27333
27335
27335
27336
27343
27346
27369
27372
27374
27375
27376
27377
27380
27380
27381
27382
27384
27386
27387
27388
27390
27393
27394
27395
27403
27405
27411
27417
27424
27426
27430
27434
27434
27435
27435
27447
27451
27452
27458
27458
27459
27462
27463
27464
27465
27467
27471
27475
27475
27480
27484
27485
27486
27487
27492
27493
27493
27493
27496
27496
27506
27513
27520
27522
27535
27537
27546
27547
27553
27556
27557
27557
27557
27558
27560
27561
27561
27563
27563
27564
27567
27573
27579
27581
27589
27589
27590
27595
27595
27606
27608
27611
27612
27614
27615
27616
27621
27623
27627
27630
27637
27649
27649
27650
27661
27663
27663
27669
27670
27670
27672
27681
27683
27691
27699
27702
27704
27707
27709
27709
27709
27715
27716
27719
27722
27725
27730
27735
27736
27737
27741
27743
27745
27750
27750
27751
27756
27757
27759
27760
27761
27761
27766
27768
27770
27772
27773
27779
27780
27784
27793
27808
27808
27809
27810
27812
27814
27816
27816
27818
27823
27827
27827
27833
27835
27838
27838
27842
27858
27871
27881
27886
27890
27890
27893
27895
27897
27899
27902
27907
27907
27910
27919
27920
27920
27931
27935
27936
27939
27942
27953
27959
27964
27965
27968
27969
27972
27974
27981
27981
27982
27992
27993
27994
27998
28001
28002
28008
28010
28012
28016
28016
28021
28026
28029
28029
28030
28031
28032
28032
28032
28033
28041
28044
28044
28056
28063
28074
28078
28079
28084
28087
28090
28091
28091
28091
28093
28094
28114
28119
28119
28123
28123
28126
28127
28127
28133
28135
28136
28136
28138
28140
28144
28147
28150
28151
28151
28152
28152
28155
28166
28168
28170
28172
28177
28178
28178
28181
28188
28188
28192
28195
28195
28198
28198
28202
28203
28210
28210
28211
28211
28215
28222
28223
28223
28229
28230
28237
28242
28243
28244
28247
28247
28250
28252
28255
28257
28259
28259
28261
28262
28266
28275
28282
28286
28292
28295
28298
28300
28305
28307
28308
28315
28318
28323
28327
28332
28332
28334
28334
28335
28337
28338
28338
28340
28341
28341
28343
28344
28347
28347
28355
28357
28357
28362
28365
28373
28374
28376
28378
28380
28385
28391
28393
28396
28398
28407
28412
28419
28419
28421
28423
28436
28437
28438
28442
28446
28447
28455
28459
28461
28465
28465
28467
28468
28469
28470
28470
28471
28482
28489
28496
28497
28507
28508
28508
28508
28514
28520
28522
28523
28525
28526
28527
28527
28528
28528
28528
28530
28531
28531
28533
28540
28542
28546
28546
28549
28558
28559
28559
28569
28570
28576
28580
28582
28588
28597
28597
28600
28605
28608
28624
28625
28633
28644
28645
28646
28646
28652
28661
28662
28666
28669
28670
28670
28680
28682
28684
28685
28691
28691
28698
28704
28710
28717
28718
28719
28722
28723
28727
28728
28731
28733
28740
28741
28752
28754
28758
28761
28763
28768
28768
28772
28775
28784
28785
28789
28790
28793
28803
28804
28810
28812
28816
28816
28818
28818
28823
28833
28833
28838
28839
28854
28857
28859
28861
28874
28874
28876
28886
28891
28894
28896
28903
28908
28910
28914
28918
28922
28925
28930
28936
28947
28949
28950
28951
28952
28953
28953
28961
28961
28964
28965
28965
28968
28976
28978
28982
28982
28985
28988
28997
28998
28998
29004
29006
29007
29008
29015
29021
29026
29027
29027
29036
29037
29038
29040
29041
29044
29051
29052
29055
29055
29057
29057
29067
29072
29077
29077
29086
29088
29095
29097
29103
29106
29109
29112
29112
29112
29116
29117
29119
29122
29124
29133
29133
29135
29136
29136
29140
29140
29146
29151
29152
29155
29161
29163
29163
29164
29165
29166
29178
29180
29183
29190
29193
29203
29204
29207
29219
29222
29225
29231
29235
29236
29237
29238
29239
29240
29245
29246
29246
29247
29250
29250
29252
29255
29258
29259
29260
29264
29266
29267
29275
29278
29281
29292
29296
29298
29299
29299
29299
29299
29300
29303
29307
29311
29315
29317
29319
29320
29329
29329
29329
29331
29332
29333
29333
29338
29339
29344
29347
29348
29349
29350
29351
29352
29354
29356
29356
29356
29357
29357
29361
29363
29364
29367
29372
29373
29377
29380
29383
29384
29388
29395
29396
29398
29401
29409
29416
29421
29421
29423
29431
29434
29436
29438
29441
29443
29453
29458
29465
29467
29468
29469
29471
29474
29475
29479
29480
29482
29485
29487
29493
29494
29509
29510
29515
29515
29527
29536
29537
29540
29544
29550
29553
29557
29564
29565
29568
29573
29575
29578
29579
29579
29581
29581
29585
29587
29589
29590
29609
29611
29616
29623
29625
29625
29626
29628
29628
29629
29634
29634
29635
29636
29637
29637
29646
29651
29651
29652
29656
29658
29659
29665
29666
29675
29677
29679
29683
29684
29684
29684
29691
29699
29701
29704
29708
29709
29715
29719
29722
29723
29729
29732
29734
29739
29739
29740
29740
29743
29744
29744
29751
29763
29763
29764
29767
29768
29769
29773
29773
29775
29781
29783
29785
29790
29792
29796
29800
29803
29809
29809
29810
29822
29826
29827
29827
29847
29849
29849
29851
29857
29863
29865
29867
29884
29885
29889
29905
29906
29907
29910
29916
29932
29936
29939
29943
29946
29949
29949
29951
29954
29955
29961
29963
29965
29965
29972
29974
29975
29976
29981
29981
29982
29993
29998
30005
30012
30013
30019
30023
30024
30024
30026
30028
30043
30044
30047
30051
30052
30055
30055
30056
30058
30071
30074
30075
30076
30079
30079
30080
30092
30094
30099
30099
30099
30101
30102
30103
30105
30106
30107
30111
30113
30116
30119
30122
30125
30125
30127
30133
30136
30138
30138
30139
30142
30142
30150
30152
30154
30155
30155
30162
30165
30168
30173
30176
30177
30180
30185
30189
30195
30199
30208
30214
30222
30230
30232
30234
30244
30246
30246
30247
30254
30254
30266
30268
30268
30270
30272
30277
30278
30286
30290
30290
30292
30301
30302
30303
30309
30314
30316
30317
30317
30319
30319
30321
30324
30325
30327
30337
30337
30351
30357
30358
30366
30369
30371
30373
30378
30379
30383
30390
30391
30395
30398
30400
30403
30405
30413
30417
30418
30421
30424
30435
30440
30441
30442
30444
30444
30450
30455
30457
30461
30466
30466
30469
30472
30473
30474
30478
30480
30483
30491
30499
30501
30501
30503
30508
30510
30515
30516
30517
30518
30519
30521
30523
30523
30529
30530
30532
30533
30535
30537
30537
30538
30541
30542
30542
30543
30545
30547
30547
30552
30554
30557
30558
30559
30569
30573
30574
30574
30575
30578
30588
30589
30591
30596
30597
30597
30600
30613
30613
30615
30624
30626
30630
30631
30636
30649
30654
30654
30658
30665
30666
30669
30671
30675
30684
30686
30695
30696
30697
30700
30708
30719
30724
30727
30728
30732
30734
30737
30739
30740
30740
30752
30754
30754
30760
30761
30762
30767
30774
30777
30778
30779
30781
30783
30785
30786
30788
30792
30795
30798
30801
30806
30817
30817
30817
30822
30827
30830
30833
30837
30841
30843
30845
30845
30849
30850
30856
30863
30870
30873
30877
30880
30881
30882
30890
30893
30896
30904
30908
30915
30920
30923
30927
30929
30930
30931
30932
30933
30935
30936
30937
30946
30951
30953
30955
30966
30978
30980
30985
30988
30989
30993
30997
30999
31000
31003
31012
31014
31018
31019
31020
31023
31025
31031
31034
31038
31045
31050
31050
31052
31054
31057
31061
31069
31070
31077
31082
31089
31093
31094
31094
31094
31100
31102
31115
31115
31118
31118
31121
31128
31128
31130
31138
31140
31145
31145
31146
31146
31155
31162
31165
31166
31170
31171
31172
31179
31180
31181
31187
31196
31200
31213
31217
31218
31219
31221
31225
31228
31228
31229
31231
31234
31235
31240
31243
31244
31246
31252
31254
31258
31261
31265
31277
31280
31285
31296
31296
31300
31304
31304
31310
31314
31314
31318
31322
31322
31326
31330
31332
31337
31338
31345
31346
31347
31352
31356
31358
31360
31361
31365
31367
31369
31369
31373
31374
31380
31382
31384
31384
31394
31395
31395
31398
31406
31411
31413
31413
31414
31420
31420
31430
31434
31436
31443
31446
31452
31455
31457
31459
31462
31472
31473
31479
31484
31487
31498
31502
31502
31504
31508
31508
31511
31513
31514
31514
31521
31521
31522
31525
31541
31544
31546
31546
31546
31550
31550
31554
31563
31564
31564
31570
31571
31571
31573
31573
31576
31578
31583
31583
31586
31586
31587
31591
31596
31599
31600
31613
31617
31619
31619
31623
31628
31632
31638
31639
31647
31659
31659
31660
31661
31662
31676
31682
31684
31688
31689
31691
31692
31697
31700
31701
31702
31705
31705
31706
31709
31710
31715
31716
31716
31718
31721
31728
31731
31733
31734
31735
31739
31740
31742
31746
31747
31750
31753
31754
31754
31756
31757
31760
31764
31766
31767
31770
31772
31777
31778
31779
31781
31782
31790
31791
31791
31801
31801
31804
31810
31815
31818
31827
31830
31841
31843
31858
31862
31865
31873
31873
31874
31876
31883
31890
31906
31907
31908
31909
31915
31915
31915
31917
31919
31922
31932
31932
31940
31947
31948
31950
31954
31957
31958
31959
31960
31961
31967
31969
31970
31971
31973
31975
31976
31977
31984
31984
31992
31997
32005
32009
32015
32016
32018
32019
32027
32028
32029
32031
32032
32035
32036
32041
32042
32044
32048
32053
32056
32062
32063
32069
32070
32074
32076
32077
32078
32089
32092
32098
32104
32110
32115
32116
32126
32128
32128
32129
32140
32151
32156
32158
32162
32168
32173
32173
32181
32185
32186
32189
32189
32192
32195
32196
32199
32200
32206
32208
32215
32217
32225
32227
32229
32229
32229
32230
32230
32231
32240
32248
32253
32259
32266
32267
32276
32277
32280
32282
32283
32284
32286
32288
32290
32290
32299
32303
32305
32312
32312
32312
32322
32325
32325
32333
32339
32340
32341
32342
32350
32352
32356
32356
32362
32363
32364
32365
32366
32372
32375
32383
32384
32388
32392
32392
32393
32393
32393
32394
32394
32397
32405
32405
32407
32407
32409
32410
32416
32420
32420
32423
32430
32435
32437
32437
32439
32453
32458
32464
32466
32469
32469
32472
32474
32478
32479
32481
32484
32485
32488
32488
32488
32488
32495
32496
32496
32503
32504
32505
32508
32510
32511
32515
32515
32516
32516
32517
32518
32518
32520
32522
32523
32527
32534
32541
32541
32542
32546
32547
32548
32549
32552
32552
32553
32571
32573
32573
32574
32575
32575
32579
32582
32584
32586
32589
32589
32590
32592
32594
32595
32595
32598
32615
32617
32619
32623
32639
32640
32647
32649
32650
32650
32655
32656
32661
32664
32668
32671
32671
32671
32674
32678
32680
32684
32686
32687
32687
32687
32690
32692
32692
32698
32699
32700
32700
32705
32708
32713
32716
32720
32720
32722
32732
32732
32736
32740
32743
32746
32748
32748
32749
32754
32756
32763
