2
11
12
26
32
35
37
39
40
42
44
45
53
54
54
64
77
78
79
82
83
87
88
88
89
92
93
97
99
103
119
122
123
128
130
133
133
135
137
139
142
144
149
150
150
150
154
159
167
169
170
170
171
173
175
178
184
188
190
192
194
197
203
217
217
218
219
221
221
222
223
226
234
236
243
243
244
245
245
250
252
255
257
257
258
260
261
261
262
264
266
274
275
278
281
284
289
290
293
294
296
298
301
301
302
303
305
309
311
313
314
317
319
326
326
328
336
341
341
342
343
344
346
352
358
367
369
369
376
379
382
385
385
386
386
390
391
392
394
399
404
410
411
413
415
422
422
423
427
427
429
430
446
448
448
448
449
452
452
455
461
465
466
466
468
469
474
483
492
493
493
516
521
522
524
525
526
534
535
539
550
555
568
579
582
583
586
587
594
596
597
597
604
604
605
611
611
614
617
617
619
620
621
624
626
626
629
633
634
638
639
639
640
645
650
656
659
662
662
664
665
669
678
679
681
691
692
695
695
696
700
716
722
723
743
745
745
746
752
755
755
759
759
767
769
770
774
777
778
778
783
784
789
789
795
796
809
814
819
824
830
837
837
838
838
839
846
851
856
862
867
875
883
887
888
895
903
904
904
905
907
908
912
912
921
921
925
926
933
938
939
940
942
944
947
956
958
959
963
965
969
969
971
990
994
994
995
997
998
999
1000
1018
1020
1020
1028
1029
1031
1034
1036
1036
1037
1043
1045
1046
1048
1065
1072
1079
1081
1085
1095
1096
1103
1110
1111
1114
1116
1117
1117
1121
1131
1131
1133
1135
1135
1144
1145
1146
1150
1150
1154
1155
1156
1157
1176
1178
1185
1186
1188
1189
1195
1197
1198
1201
1203
1203
1206
1207
1207
1212
1222
1226
1226
1235
1247
1250
1256
1268
1268
1269
1272
1273
1276
1282
1283
1295
1296
1302
1304
1314
1316
1317
1319
1319
1325
1330
1338
1339
1342
1344
1344
1345
1348
1351
1354
1358
1359
1359
1359
1367
1374
1382
1386
1398
1398
1398
1403
1405
1406
1407
1424
1426
1427
1432
1449
1450
1456
1458
1460
1461
1462
1466
1472
1474
1476
1484
1488
1492
1494
1499
1505
1508
1519
1521
1522
1524
1524
1525
1525
1533
1537
1552
1555
1557
1557
1560
1563
1565
1572
1573
1578
1581
1585
1590
1594
1601
1606
1614
1614
1616
1630
1636
1637
1638
1644
1652
1654
1658
1662
1663
1666
1667
1674
1675
1689
1698
1700
1701
1713
1714
1716
1727
1727
1729
1730
1731
1732
1746
1748
1750
1750
1751
1758
1760
1760
1765
1771
1777
1778
1783
1787
1790
1791
1798
1809
1810
1811
1819
1826
1830
1837
1841
1841
1843
1847
1851
1855
1857
1858
1859
1859
1872
1878
1881
1885
1886
1888
1891
1894
1896
1901
1905
1914
1915
1922
1931
1938
1939
1944
1948
1950
1955
1956
1959
1963
1967
1967
1974
1974
1980
1983
1983
1987
1988
1990
1990
2000
2000
2006
2007
2008
2011
2013
2014
2015
2015
2016
2023
2023
2024
2024
2029
2031
2031
2032
2033
2038
2043
2045
2055
2059
2060
2062
2074
2075
2077
2078
2079
2089
2093
2097
2099
2099
2101
2101
2106
2108
2116
2117
2119
2144
2146
2147
2148
2149
2149
2150
2159
2164
2164
2165
2166
2167
2169
2200
2203
2205
2208
2211
2217
2220
2221
2222
2228
2228
2230
2238
2239
2251
2258
2262
2269
2282
2295
2296
2296
2300
2303
2304
2305
2316
2319
2324
2325
2325
2326
2329
2332
2335
2337
2339
2340
2340
2342
2344
2344
2344
2345
2347
2349
2351
2357
2362
2363
2364
2364
2367
2367
2373
2383
2389
2389
2393
2394
2395
2398
2399
2400
2403
2407
2407
2414
2416
2417
2423
2426
2427
2428
2429
2429
2431
2433
2445
2446
2447
2447
2448
2450
2450
2451
2452
2453
2463
2467
2475
2476
2480
2481
2485
2485
2488
2493
2498
2505
2508
2535
2540
2542
2543
2551
2552
2554
2556
2558
2561
2572
2578
2581
2583
2583
2584
2584
2587
2589
2591
2593
2596
2603
2605
2611
2615
2617
2622
2622
2625
2626
2631
2641
2646
2653
2662
2663
2665
2666
2666
2667
2668
2673
2680
2681
2682
2688
2690
2690
2691
2691
2692
2699
2702
2711
2715
2717
2719
2728
2729
2730
2731
2742
2746
2746
2749
2751
2757
2757
2760
2762
2763
2767
2767
2775
2779
2784
2789
2795
2796
2800
2804
2806
2812
2821
2823
2826
2834
2834
2839
2840
2844
2847
2848
2852
2860
2862
2863
2864
2870
2871
2878
2883
2886
2889
2891
2892
2893
2893
2894
2898
2898
2899
2900
2902
2902
2905
2908
2908
2909
2911
2920
2921
2922
2926
2929
2931
2934
2934
2940
2942
2946
2947
2949
2954
2955
2957
2967
2970
2972
2972
2977
2977
2981
2983
2985
2992
2992
2994
2997
2998
3003
3003
3015
3016
3017
3019
3022
3024
3025
3025
3026
3028
3030
3030
3032
3034
3035
3041
3043
3045
3049
3054
3057
3058
3059
3059
3065
3067
3070
3071
3077
3081
3082
3083
3086
3086
3087
3098
3099
3105
3106
3109
3111
3112
3113
3113
3118
3121
3133
3135
3139
3144
3144
3144
3146
3153
3156
3160
3167
3184
3184
3185
3186
3188
3188
3192
3197
3201
3202
3211
3215
3217
3218
3218
3220
3226
3226
3227
3229
3229
3231
3235
3237
3240
3241
3248
3253
3255
3255
3256
3257
3259
3261
3263
3266
3267
3280
3280
3281
3284
3288
3289
3295
3299
3300
3304
3308
3311
3314
3316
3320
3322
3334
3336
3336
3342
3344
3345
3348
3352
3353
3353
3356
3357
3361
3364
3369
3374
3380
3384
3386
3396
3396
3397
3399
3402
3405
3407
3407
3411
3413
3414
3418
3423
3430
3434
3441
3447
3457
3459
3468
3469
3474
3482
3494
3496
3501
3503
3504
3504
3511
3511
3516
3524
3525
3525
3529
3530
3537
3539
3541
3545
3547
3549
3551
3554
3557
3558
3568
3570
3571
3571
3579
3585
3586
3587
3592
3593
3598
3598
3609
3610
3619
3621
3622
3629
3629
3631
3636
3637
3642
3646
3649
3649
3652
3654
3656
3667
3681
3687
3692
3695
3695
3697
3697
3703
3705
3707
3710
3715
3723
3724
3726
3727
3728
3728
3729
3731
3732
3740
3741
3745
3756
3757
3757
3758
3763
3763
3765
3765
3767
3767
3769
3774
3775
3782
3783
3784
3784
3784
3785
3785
3788
3793
3794
3797
3798
3800
3802
3805
3808
3810
3812
3819
3819
3820
3823
3827
3827
3829
3832
3837
3838
3838
3839
3839
3842
3846
3851
3853
3853
3859
3869
3871
3881
3885
3887
3888
3890
3890
3895
3897
3904
3912
3916
3918
3924
3925
3932
3936
3936
3938
3943
3943
3945
3949
3952
3953
3957
3965
3967
3970
3971
3971
3971
3975
3976
3981
3987
3989
3990
3991
3992
3994
3994
3995
3996
4000
4005
4008
4014
4014
4014
4019
4023
4026
4030
4034
4034
4034
4035
4038
4042
4044
4046
4052
4054
4056
4057
4058
4058
4062
4066
4074
4074
4074
4075
4077
4079
4081
4082
4090
4095
4105
4111
4114
4116
4117
4119
4120
4123
4132
4138
4138
4139
4139
4140
4144
4145
4145
4153
4169
4169
4175
4176
4176
4179
4181
4182
4188
4204
4213
4216
4219
4220
4221
4223
4225
4230
4230
4240
4244
4246
4247
4250
4253
4254
4264
4266
4267
4273
4275
4276
4282
4283
4289
4291
4292
4293
4296
4300
4301
4303
4307
4307
4308
4319
4320
4340
4341
4341
4341
4342
4343
4344
4351
4351
4355
4357
4362
4368
4370
4371
4371
4374
4377
4380
4382
4382
4385
4387
4387
4390
4391
4393
4394
4400
4401
4402
4405
4408
4413
4414
4415
4423
4426
4428
4430
4432
4433
4437
4446
4454
4456
4458
4463
4464
4476
4480
4480
4481
4484
4486
4487
4495
4506
4508
4514
4516
4517
4523
4537
4538
4540
4541
4547
4548
4552
4553
4571
4573
4575
4580
4582
4590
4593
4597
4601
4617
4617
4618
4622
4633
4634
4634
4637
4639
4642
4649
4654
4657
4661
4664
4667
4667
4678
4678
4682
4687
4687
4688
4688
4688
4690
4691
4692
4696
4697
4699
4700
4701
4702
4707
4708
4715
4718
4721
4726
4728
4729
4735
4738
4739
4745
4749
4750
4752
4753
4754
4755
4759
4760
4761
4765
4767
4768
4770
4774
4775
4776
4776
4783
4787
4793
4799
4802
4802
4804
4805
4810
4815
4818
4819
4821
4823
4824
4838
4841
4842
4845
4849
4860
4862
4864
4867
4867
4867
4868
4869
4874
4886
4889
4889
4894
4895
4895
4897
4902
4909
4912
4914
4915
4919
4919
4920
4921
4923
4930
4933
4936
4939
4941
4943
4944
4951
4953
4958
4959
4961
4966
4967
4968
4974
4989
4990
5001
5002
5023
5023
5024
5025
5026
5026
5027
5029
5033
5034
5035
5039
5044
5045
5046
5056
5065
5068
5069
5069
5075
5077
5084
5085
5088
5088
5090
5097
5097
5099
5103
5105
5106
5110
5113
5117
5117
5118
5119
5120
5120
5120
5123
5128
5130
5133
5136
5146
5153
5153
5157
5159
5159
5161
5162
5163
5166
5166
5168
5176
5177
5183
5189
5190
5191
5194
5202
5204
5214
5216
5220
5221
5223
5224
5224
5227
5227
5228
5230
5238
5238
5248
5248
5251
5257
5259
5259
5260
5260
5268
5277
5282
5287
5288
5293
5294
5296
5297
5302
5306
5315
5316
5316
5323
5327
5327
5334
5339
5343
5344
5345
5345
5346
5346
5350
5351
5359
5359
5367
5367
5374
5380
5386
5386
5389
5390
5392
5393
5394
5397
5403
5407
5407
5407
5411
5414
5414
5422
5436
5441
5444
5445
5450
5452
5455
5455
5455
5457
5461
5462
5467
5475
5481
5483
5495
5502
5507
5507
5509
5514
5518
5524
5524
5527
5530
5535
5538
5539
5539
5539
5541
5542
5542
5546
5547
5549
5550
5553
5555
5560
5560
5568
5568
5569
5575
5577
5579
5580
5581
5584
5584
5585
5587
5594
5595
5597
5598
5600
5605
5606
5609
5610
5611
5611
5613
5614
5616
5619
5626
5632
5637
5638
5639
5641
5642
5644
5646
5648
5652
5658
5665
5665
5666
5667
5671
5672
5677
5679
5679
5687
5688
5696
5699
5706
5711
5712
5713
5723
5723
5723
5726
5726
5731
5732
5736
5737
5740
5740
5743
5747
5751
5752
5752
5754
5756
5760
5761
5761
5768
5772
5773
5774
5775
5775
5786
5786
5797
5806
5814
5820
5824
5829
5832
5834
5835
5837
5841
5843
5846
5849
5853
5858
5859
5861
5864
5865
5866
5871
5880
5881
5881
5882
5883
5884
5885
5890
5895
5896
5896
5898
5899
5901
5901
5903
5907
5908
5911
5911
5918
5918
5924
5929
5934
5941
5942
5944
5945
5946
5952
5953
5962
5964
5964
5968
5969
5969
5970
5979
5983
5983
5991
5994
6001
6001
6005
6007
6007
6009
6009
6009
6011
6012
6014
6021
6027
6029
6030
6033
6040
6042
6042
6046
6048
6054
6060
6061
6065
6069
6084
6084
6098
6106
6111
6113
6116
6120
6122
6134
6134
6134
6137
6139
6140
6142
6156
6157
6159
6161
6164
6164
6165
6167
6168
6175
6175
6177
6179
6180
6180
6186
6190
6195
6198
6199
6205
6207
6208
6208
6209
6211
6216
6220
6221
6227
6227
6227
6229
6231
6233
6236
6236
6238
6246
6248
6252
6254
6255
6255
6256
6257
6260
6268
6271
6271
6271
6274
6275
6275
6277
6286
6286
6291
6302
6304
6304
6305
6309
6332
6337
6343
6344
6345
6347
6349
6350
6351
6352
6355
6355
6355
6363
6372
6379
6381
6383
6384
6386
6386
6393
6396
6398
6399
6400
6404
6407
6407
6409
6420
6422
6423
6433
6435
6437
6441
6442
6444
6447
6447
6447
6449
6451
6452
6453
6454
6454
6454
6454
6455
6460
6462
6463
6468
6469
6484
6488
6490
6490
6494
6495
6495
6496
6498
6512
6513
6513
6514
6518
6520
6524
6526
6537
6541
6542
6545
6553
6556
6565
6566
6566
6572
6576
6586
6595
6600
6606
6611
6612
6615
6618
6620
6622
6626
6631
6633
6637
6640
6640
6641
6645
6647
6652
6652
6652
6658
6661
6662
6663
6665
6669
6676
6681
6681
6683
6686
6688
6688
6689
6691
6701
6704
6707
6710
6716
6717
6717
6719
6721
6721
6731
6731
6733
6734
6736
6741
6743
6748
6752
6753
6757
6769
6771
6774
6775
6778
6779
6780
6781
6785
6786
6786
6787
6791
6792
6793
6804
6816
6817
6822
6827
6828
6830
6834
6837
6838
6846
6847
6849
6861
6863
6865
6868
6875
6881
6884
6890
6892
6895
6896
6897
6898
6898
6899
6901
6901
6904
6905
6906
6911
6912
6912
6922
6922
6923
6928
6929
6930
6930
6932
6933
6935
6941
6942
6943
6944
6945
6945
6946
6949
6950
6950
6952
6964
6967
6969
6969
6977
6979
6981
6986
6992
6993
6995
6996
7006
7009
7011
7012
7012
7014
7029
7033
7034
7038
7047
7050
7054
7059
7059
7072
7073
7073
7074
7079
7088
7106
7107
7108
7110
7112
7112
7115
7117
7119
7119
7124
7127
7127
7128
7130
7131
7133
7134
7141
7143
7149
7149
7150
7151
7160
7162
7163
7163
7165
7165
7165
7167
7171
7173
7178
7184
7189
7193
7193
7195
7196
7199
7200
7204
7205
7210
7213
7214
7214
7216
7220
7221
7227
7233
7236
7238
7240
7240
7240
7251
7252
7252
7254
7256
7257
7259
7259
7262
7269
7270
7270
7273
7275
7275
7276
7277
7281
7286
7291
7292
7296
7300
7302
7308
7309
7310
7320
7323
7327
7328
7334
7335
7338
7339
7341
7347
7349
7352
7360
7360
7364
7364
7368
7370
7376
7389
7390
7390
7391
7402
7402
7405
7405
7406
7409
7410
7419
7422
7422
7429
7429
7430
7435
7437
7444
7448
7453
7457
7458
7458
7466
7471
7479
7480
7480
7483
7488
7490
7495
7496
7499
7506
7507
7516
7524
7530
7532
7538
7541
7544
7552
7553
7558
7562
7562
7563
7565
7566
7583
7584
7588
7590
7591
7600
7601
7605
7607
7609
7611
7611
7614
7616
7622
7627
7627
7630
7633
7634
7635
7639
7643
7646
7661
7662
7667
7672
7683
7684
7687
7687
7688
7690
7694
7697
7699
7704
7708
7709
7711
7718
7725
7726
7731
7740
7742
7745
7748
7750
7751
7755
7755
7756
7756
7759
7762
7768
7769
7770
7773
7774
7778
7783
7785
7791
7794
7796
7800
7802
7802
7815
7816
7819
7826
7828
7836
7837
7838
7843
7849
7858
7861
7864
7864
7865
7866
7868
7868
7876
7886
7888
7890
7895
7895
7897
7897
7902
7914
7914
7916
7922
7935
7935
7937
7938
7948
7949
7953
7957
7959
7964
7966
7974
7978
7979
7983
7988
7992
7999
8000
8003
8006
8007
8008
8009
8015
8018
8024
8028
8031
8035
8038
8052
8052
8053
8053
8054
8057
8067
8085
8091
8092
8094
8095
8099
8102
8105
8107
8110
8110
8111
8112
8115
8116
8117
8119
8121
8122
8123
8124
8127
8128
8129
8130
8131
8136
8137
8137
8139
8141
8142
8143
8153
8156
8161
8162
8165
8171
8176
8177
8178
8181
8190
8196
8199
8208
8212
8214
8215
8217
8224
8236
8237
8240
8240
8242
8243
8246
8256
8266
8272
8277
8279
8281
8288
8289
8295
8299
8301
8302
8312
8316
8330
8332
8332
8336
8338
8340
8344
8346
8347
8347
8349
8350
8350
8355
8359
8359
8360
8364
8378
8399
8405
8406
8407
8409
8410
8417
8418
8424
8425
8427
8432
8433
8435
8435
8439
8439
8441
8445
8446
8449
8453
8455
8461
8462
8462
8463
8470
8471
8483
8492
8494
8496
8498
8502
8510
8511
8518
8520
8525
8526
8526
8527
8529
8530
8538
8540
8541
8543
8544
8550
8551
8553
8553
8553
8561
8562
8563
8566
8567
8569
8576
8576
8579
8581
8595
8604
8605
8607
8610
8616
8617
8618
8618
8619
8622
8626
8633
8636
8636
8638
8638
8641
8641
8642
8643
8645
8651
8652
8654
8659
8665
8667
8673
8676
8679
8684
8688
8691
8693
8695
8701
8706
8711
8712
8718
8720
8720
8726
8728
8729
8732
8736
8744
8748
8749
8750
8753
8753
8754
8755
8757
8759
8759
8766
8771
8773
8775
8775
8784
8787
8788
8800
8804
8804
8805
8805
8805
8806
8808
8809
8809
8809
8810
8810
8817
8818
8818
8821
8821
8823
8824
8825
8827
8833
8834
8837
8838
8841
8847
8848
8849
8850
8856
8872
8873
8876
8885
8886
8886
8889
8899
8900
8901
8904
8907
8907
8915
8918
8918
8926
8929
8931
8935
8940
8941
8946
8949
8950
8952
8956
8956
8957
8969
8969
8970
8976
8985
8988
8994
8994
8995
8997
9001
9004
9010
9011
9014
9017
9018
9019
9020
9022
9023
9029
9034
9035
9038
9041
9041
9043
9043
9043
9044
9044
9049
9051
9059
9067
9068
9068
9069
9071
9072
9076
9078
9079
9082
9083
9084
9084
9087
9090
9096
9111
9111
9114
9116
9117
9118
9124
9124
9124
9125
9132
9140
9142
9143
9151
9164
9166
9170
9174
9179
9181
9184
9189
9189
9192
9194
9196
9199
9199
9203
9209
9211
9215
9216
9218
9223
9223
9225
9225
9229
9232
9233
9241
9244
9249
9269
9272
9285
9287
9289
9291
9295
9297
9297
9301
9304
9308
9311
9312
9315
9316
9328
9333
9334
9339
9341
9343
9344
9346
9347
9349
9356
9359
9363
9364
9367
9367
9369
9376
9380
9380
9381
9387
9392
9393
9396
9405
9408
9408
9409
9421
9423
9427
9427
9428
9428
9439
9444
9452
9453
9455
9458
9459
9460
9464
9474
9475
9476
9477
9494
9494
9504
9513
9515
9524
9524
9524
9532
9546
9548
9556
9561
9562
9565
9582
9583
9584
9588
9588
9592
9593
9606
9608
9610
9611
9611
9612
9613
9616
9621
9622
9624
9628
9631
9633
9634
9637
9638
9641
9651
9655
9656
9657
9659
9661
9662
9672
9673
9681
9682
9682
9683
9690
9692
9694
9701
9714
9716
9716
9717
9718
9723
9725
9726
9730
9731
9732
9732
9733
9734
9736
9740
9741
9743
9747
9748
9751
9754
9756
9758
9762
9764
9765
9768
9773
9780
9782
9783
9786
9788
9793
9795
9796
9796
9796
9799
9799
9805
9806
9806
9809
9811
9814
9814
9816
9820
9822
9824
9825
9826
9828
9831
9832
9841
9851
9855
9857
9858
9859
9860
9868
9869
9872
9874
9894
9897
9902
9904
9907
9908
9909
9911
9919
9920
9930
9931
9936
9944
9945
9947
9948
9953
9955
9961
9962
9963
9967
9975
9975
9975
9984
9998
10000
10005
10010
10010
10011
10012
10014
10016
10016
10016
10019
10022
10023
10024
10025
10032
10033
10033
10035
10038
10042
10045
10050
10066
10068
10073
10074
10079
10089
10095
10095
10099
10101
10104
10105
10106
10110
10112
10113
10120
10121
10128
10135
10136
10138
10142
10146
10147
10148
10151
10154
10161
10163
10165
10173
10181
10184
10186
10187
10188
10193
10193
10194
10205
10206
10214
10218
10219
10220
10220
10222
10229
10229
10232
10234
10235
10241
10243
10243
10244
10246
10257
10260
10264
10267
10274
10279
10279
10281
10286
10291
10291
10293
10293
10296
10302
10306
10310
10313
10315
10316
10319
10320
10321
10323
10333
10344
10344
10351
10351
10352
10353
10355
10360
10362
10366
10372
10378
10379
10382
10387
10393
10393
10394
10396
10396
10398
10398
10400
10402
10404
10408
10418
10423
10430
10433
10435
10435
10436
10439
10440
10441
10442
10442
10444
10446
10446
10451
10456
10457
10461
10463
10465
10465
10468
10470
10473
10475
10476
10478
10482
10487
10490
10492
10492
10498
10498
10505
10505
10505
10506
10509
10513
10513
10524
10527
10531
10533
10536
10541
10543
10554
10557
10559
10560
10564
10569
10572
10576
10580
10585
10593
10594
10595
10598
10602
10603
10611
10613
10617
10618
10619
10630
10633
10635
10642
10648
10648
10654
10655
10657
10658
10661
10661
10661
10662
10662
10663
10669
10671
10672
10672
10676
10678
10681
10682
10686
10690
10693
10695
10695
10696
10700
10704
10704
10707
10713
10726
10726
10730
10732
10732
10733
10734
10736
10741
10742
10744
10754
10764
10770
10770
10782
10785
10792
10793
10796
10800
10800
10803
10812
10823
10827
10832
10836
10839
10841
10849
10854
10861
10862
10865
10870
10871
10875
10882
10882
10887
10890
10891
10900
10905
10913
10927
10935
10936
10936
10937
10939
10941
10943
10943
10946
10947
10947
10954
10954
10955
10957
10958
10959
10968
10969
10970
10970
10970
10970
10973
10974
10975
10975
10981
10984
10986
10990
10994
10994
11001
11002
11002
11003
11003
11005
11007
11007
11013
11016
11016
11017
11017
11019
11021
11025
11029
11034
11040
11040
11040
11041
11042
11047
11047
11053
11055
11057
11059
11063
11065
11067
11076
11083
11083
11084
11088
11090
11093
11094
11095
11095
11101
11101
11103
11107
11110
11112
11118
11119
11125
11127
11130
11130
11133
11138
11142
11142
11144
11144
11147
11151
11154
11157
11158
11158
11162
11165
11181
11186
11188
11194
11194
11200
11200
11203
11204
11207
11209
11210
11212
11213
11232
11232
11237
11240
11240
11243
11245
11253
11257
11259
11261
11262
11267
11268
11269
11270
11271
11272
11274
11285
11287
11287
11289
11293
11296
11299
11300
11301
11307
11311
11316
11333
11335
11337
11340
11347
11349
11358
11362
11362
11368
11380
11381
11383
11386
11387
11387
11388
11391
11393
11396
11396
11396
11397
11397
11397
11397
11402
11402
11403
11404
11408
11417
11419
11420
11422
11422
11422
11423
11425
11443
11445
11446
11449
11455
11464
11472
11472
11473
11474
11476
11485
11486
11486
11489
11492
11492
11492
11492
11498
11498
11501
11502
11504
11505
11513
11517
11523
11528
11529
11539
11539
11540
11548
11548
11551
11553
11556
11566
11568
11570
11572
11575
11576
11577
11579
11580
11582
11586
11587
11589
11590
11591
11591
11594
11597
11598
11600
11600
11602
11604
11606
11606
11608
11612
11616
11617
11617
11620
11623
11625
11625
11626
11632
11638
11640
11642
11644
11651
11652
11652
11655
11655
11656
11657
11657
11660
11666
11668
11670
11671
11676
11678
11681
11682
11685
11686
11691
11692
11694
11697
11697
11700
11702
11702
11703
11713
11718
11719
11721
11723
11726
11726
11729
11730
11742
11744
11745
11750
11755
11755
11756
11760
11762
11766
11772
11773
11788
11794
11794
11803
11804
11806
11807
11810
11817
11818
11828
11829
11833
11837
11838
11842
11847
11847
11849
11850
11851
11851
11855
11855
11858
11858
11865
11869
11870
11871
11875
11876
11877
11881
11883
11886
11890
11901
11902
11903
11905
11907
11908
11925
11928
11936
11941
11944
11944
11944
11947
11951
11956
11963
11963
11966
11967
11967
11968
11969
11971
11971
11973
11974
11977
11979
11980
11984
11985
11987
11993
11995
11998
12006
12006
12007
12009
12012
12012
12012
12013
12013
12015
12020
12022
12029
12031
12033
12037
12040
12042
12042
12054
12054
12056
12060
12062
12063
12068
12072
12077
12081
12083
12089
12091
12093
12094
12105
12113
12114
12126
12127
12134
12138
12143
12144
12153
12157
12161
12163
12167
12168
12169
12174
12176
12177
12179
12180
12182
12186
12189
12192
12193
12198
12200
12203
12211
12212
12218
12220
12246
12251
12254
12256
12256
12262
12263
12263
12267
12271
12272
12275
12280
12281
12285
12290
12291
12291
12294
12297
12299
12301
12305
12307
12307
12308
12310
12317
12323
12324
12330
12335
12335
12346
12347
12347
12349
12357
12360
12361
12361
12362
12375
12375
12383
12383
12386
12388
12390
12390
12392
12392
12393
12397
12405
12406
12407
12411
12416
12418
12420
12422
12425
12430
12434
12436
12437
12439
12439
12441
12445
12453
12455
12463
12465
12471
12472
12481
12484
12490
12495
12495
12495
12502
12502
12505
12508
12509
12520
12524
12524
12526
12528
12530
12534
12536
12536
12539
12541
12548
12550
12550
12551
12554
12558
12561
12562
12564
12564
12569
12582
12594
12598
12601
12602
12607
12607
12616
12622
12628
12629
12630
12633
12639
12640
12641
12643
12644
12645
12648
12650
12656
12661
12666
12666
12668
12673
12676
12677
12681
12687
12692
12694
12698
12702
12704
12706
12710
12712
12721
12727
12727
12732
12733
12742
12745
12747
12747
12751
12751
12756
12756
12756
12757
12769
12770
12773
12773
12774
12777
12780
12783
12783
12788
12793
12797
12808
12809
12810
12814
12816
12822
12835
12838
12843
12843
12859
12859
12860
12861
12863
12875
12882
12884
12886
12888
12888
12890
12894
12897
12902
12904
12904
12905
12906
12913
12915
12920
12927
12930
12931
12932
12933
12935
12941
12944
12945
12949
12951
12953
12956
12957
12959
12959
12965
12969
12971
12971
12972
12975
12976
12977
12984
12991
12991
12996
12997
13003
13006
13007
13013
13019
13022
13024
13025
13028
13028
13031
13031
13041
13043
13056
13059
13063
13063
13066
13068
13069
13074
13077
13078
13079
13081
13081
13087
13089
13092
13093
13095
13097
13098
13109
13110
13113
13113
13125
13129
13134
13137
13140
13141
13142
13144
13154
13155
13158
13164
13168
13173
13173
13182
13188
13192
13196
13200
13203
13208
13213
13223
13227
13230
13231
13236
13243
13243
13244
13244
13245
13252
13257
13258
13265
13272
13279
13280
13285
13290
13291
13291
13294
13295
13297
13298
13305
13311
13312
13314
13314
13316
13318
13324
13334
13335
13335
13339
13359
13366
13374
13374
13379
13386
13388
13389
13392
13392
13397
13401
13403
13413
13413
13415
13417
13417
13418
13420
13421
13423
13425
13428
13428
13435
13445
13457
13460
13464
13468
13469
13477
13480
13482
13484
13487
13489
13493
13494
13503
13503
13505
13508
13510
13511
13512
13518
13521
13523
13523
13528
13531
13538
13539
13541
13544
13548
13548
13559
13563
13565
13566
13576
13577
13580
13580
13583
13584
13586
13588
13595
13596
13600
13603
13608
13615
13625
13627
13628
13638
13639
13645
13647
13647
13648
13650
13651
13656
13666
13669
13673
13674
13674
13674
13676
13680
13680
13689
13692
13695
13695
13697
13702
13703
13708
13708
13713
13716
13724
13725
13730
13732
13734
13735
13737
13738
13748
13748
13751
13766
13766
13768
13776
13778
13780
13784
13789
13790
13793
13797
13798
13800
13800
13801
13802
13805
13806
13810
13812
13814
13816
13830
13838
13850
13858
13865
13865
13867
13869
13871
13876
13877
13885
13888
13888
13889
13894
13900
13907
13908
13909
13912
13914
13918
13918
13921
13922
13923
13926
13928
13932
13932
13933
13937
13941
13943
13945
13945
13948
13952
13959
13962
13962
13965
13966
13966
13968
13971
13976
13987
13989
14011
14015
14016
14017
14017
14018
14023
14024
14024
14031
14032
14032
14036
14045
14046
14046
14052
14057
14060
14067
14068
14073
14081
14095
14096
14098
14102
14102
14105
14112
14116
14118
14123
14127
14128
14131
14131
14134
14139
14145
14148
14148
14148
14148
14153
14158
14167
14168
14173
14173
14182
14183
14184
14189
14190
14191
14192
14198
14203
14204
14204
14207
14208
14209
14210
14215
14215
14225
14229
14236
14236
14240
14244
14244
14248
14248
14251
14253
14255
14255
14267
14269
14270
14275
14279
14280
14282
14283
14284
14289
14291
14293
14294
14309
14312
14315
14319
14322
14323
14324
14327
14330
14338
14339
14340
14345
14347
14351
14355
14355
14356
14356
14357
14357
14358
14359
14363
14366
14368
14373
14381
14391
14393
14398
14400
14400
14402
14408
14410
14415
14418
14429
14430
14434
14443
14450
14458
14458
14458
14458
14462
14467
14471
14472
14472
14473
14474
14475
14480
14483
14485
14489
14490
14497
14498
14506
14515
14517
14519
14521
14523
14527
14527
14532
14539
14542
14544
14546
14549
14550
14552
14556
14558
14563
14564
14566
14568
14572
14583
14598
14600
14614
14621
14631
14636
14636
14637
14638
14640
14641
14647
14656
14656
14659
14661
14661
14665
14668
14678
14679
14680
14681
14682
14683
14684
14689
14692
14701
14702
14713
14717
14718
14724
14732
14735
14740
14740
14744
14748
14750
14760
14767
14773
14778
14781
14785
14787
14788
14791
14795
14795
14797
14802
14803
14807
14808
14808
14809
14810
14813
14818
14820
14824
14824
14829
14830
14832
14834
14835
14836
14837
14838
14847
14847
14848
14852
14857
14865
14868
14877
14879
14894
14894
14897
14904
14905
14916
14923
14926
14927
14929
14929
14935
14936
14939
14940
14945
14947
14951
14951
14952
14955
14957
14957
14963
14968
14973
14980
14982
14982
14982
14984
14984
14994
14994
14997
14998
15002
15004
15006
15009
15014
15019
15021
15025
15027
15029
15033
15036
15041
15042
15044
15048
15049
15051
15051
15052
15053
15055
15055
15055
15059
15060
15062
15064
15073
15073
15075
15080
15086
15088
15090
15092
15098
15106
15109
15120
15123
15125
15127
15132
15144
15146
15147
15152
15155
15158
15158
15160
15163
15164
15168
15169
15184
15189
15195
15204
15213
15214
15220
15225
15225
15229
15230
15233
15237
15239
15242
15245
15249
15251
15254
15257
15266
15267
15267
15274
15281
15285
15295
15296
15301
15301
15307
15309
15311
15311
15319
15319
15320
15323
15324
15327
15331
15333
15336
15337
15339
15340
15342
15346
15348
15352
15352
15357
15357
15360
15361
15366
15375
15377
15378
15381
15386
15388
15389
15391
15392
15393
15395
15401
15415
15416
15418
15424
15425
15425
15428
15438
15441
15446
15448
15449
15451
15452
15455
15456
15456
15460
15461
15463
15463
15465
15469
15471
15474
15477
15478
15485
15485
15486
15491
15492
15493
15497
15497
15501
15505
15506
15513
15522
15524
15528
15533
15535
15537
15551
15557
15561
15564
15568
15576
15577
15577
15579
15583
15589
15591
15593
15603
15603
15609
15615
15627
15627
15629
15631
15632
15633
15635
15635
15642
15646
15649
15652
15656
15658
15659
15662
15667
15669
15670
15680
15680
15682
15683
15687
15688
15696
15699
15703
15710
15718
15725
15730
15731
15735
15742
15743
15748
15749
15750
15752
15758
15764
15768
15770
15770
15770
15773
15774
15774
15775
15776
15781
15785
15794
15799
15822
15822
15823
15828
15829
15830
15831
15833
15834
15835
15840
15843
15848
15849
15851
15854
15856
15861
15861
15862
15863
15867
15876
15879
15880
15880
15882
15888
15892
15893
15893
15894
15896
15897
15899
15899
15901
15913
15914
15915
15918
15920
15929
15930
15930
15935
15939
15941
15943
15944
15946
15951
15956
15960
15967
15974
15976
15983
15984
15985
15986
15987
15988
15990
15992
15995
16010
16016
16025
16027
16030
16033
16033
16034
16034
16037
16039
16039
16041
16042
16047
16047
16047
16050
16058
16065
16074
16078
16085
16086
16087
16087
16095
16098
16102
16105
16107
16110
16111
16111
16116
16117
16134
16136
16141
16142
16144
16156
16158
16159
16160
16161
16164
16166
16170
16185
16191
16193
16196
16197
16199
16202
16202
16204
16207
16213
16213
16216
16220
16227
16228
16229
16234
16239
16243
16244
16246
16251
16254
16254
16259
16267
16268
16269
16271
16271
16274
16277
16278
16283
16284
16286
16292
16299
16301
16311
16341
16341
16341
16341
16344
16346
16351
16357
16361
16362
16362
16365
16367
16368
16373
16377
16379
16382
16382
16383
16385
16389
16400
16402
16403
16404
16404
16405
16405
16406
16407
16410
16413
16418
16419
16421
16426
16431
16437
16444
16449
16451
16454
16455
16459
16466
16466
16468
16473
16476
16479
16487
16499
16500
16506
16509
16512
16515
16515
16519
16521
16525
16526
16529
16529
16530
16534
16537
16541
16542
16546
16547
16550
16551
16552
16561
16566
16568
16576
16582
16586
16587
16591
16592
16592
16594
16595
16596
16601
16602
16602
16604
16605
16606
16606
16607
16608
16610
16612
16616
16622
16623
16626
16628
16630
16634
16643
16643
16647
16648
16650
16655
16666
16667
16669
16671
16674
16676
16677
16679
16681
16682
16684
16692
16697
16701
16704
16709
16711
16714
16718
16724
16725
16725
16731
16734
16734
16740
16740
16743
16746
16748
16755
16755
16756
16759
16771
16777
16779
16780
16782
16792
16797
16806
16815
16815
16815
16817
16818
16821
16823
16825
16826
16828
16830
16834
16837
16841
16843
16850
16852
16857
16862
16863
16866
16869
16876
16879
16883
16884
16889
16893
16901
16903
16903
16903
16907
16911
16913
16921
16932
16937
16940
16943
16946
16949
16950
16954
16957
16960
16961
16967
16968
16971
16975
16978
16978
16985
16985
16991
16992
16996
17000
17005
17014
17021
17023
17024
17024
17026
17026
17030
17032
17035
17045
17051
17053
17062
17073
17077
17078
17080
17091
17095
17101
17106
17108
17110
17112
17114
17120
17125
17127
17129
17135
17136
17139
17147
17149
17151
17158
17181
17187
17187
17189
17189
17201
17204
17208
17208
17210
17213
17215
17216
17220
17222
17224
17225
17226
17227
17229
17229
17235
17236
17236
17240
17241
17242
17243
17243
17245
17254
17259
17262
17263
17267
17267
17272
17275
17276
17281
17285
17285
17286
17288
17289
17290
17295
17297
17297
17301
17304
17306
17313
17319
17321
17326
17328
17329
17329
17333
17338
17340
17341
17343
17344
17346
17346
17347
17352
17353
17356
17359
17360
17369
17377
17378
17379
17380
17382
17386
17387
17399
17406
17406
17408
17415
17416
17418
17418
17419
17422
17425
17426
17428
17431
17439
17441
17443
17457
17463
17466
17467
17467
17468
17485
17489
17489
17490
17501
17502
17507
17507
17508
17511
17516
17520
17536
17537
17542
17545
17549
17554
17562
17570
17574
17575
17586
17587
17597
17606
17611
17612
17616
17616
17623
17624
17629
17634
17634
17643
17644
17644
17645
17649
17651
17651
17659
17662
17666
17667
17668
17669
17670
17673
17673
17678
17684
17692
17692
17692
17698
17701
17701
17702
17703
17703
17703
17709
17712
17713
17715
17722
17725
17727
17727
17732
17733
17734
17736
17741
17745
17749
17754
17760
17761
17762
17764
17771
17771
17771
17774
17775
17775
17784
17785
17788
17792
17803
17807
17811
17812
17812
17816
17817
17818
17826
17833
17835
17847
17850
17850
17852
17855
17864
17865
17866
17874
17876
17883
17884
17891
17895
17899
17901
17910
17910
17925
17927
17928
17941
17953
17964
17971
17975
17976
17976
17985
17989
17997
18003
18005
18006
18009
18025
18026
18035
18036
18037
18043
18048
18054
18055
18055
18058
18065
18065
18065
18065
18066
18066
18068
18070
18072
18079
18084
18085
18087
18091
18092
18094
18097
18099
18101
18101
18112
18114
18117
18118
18121
18127
18129
18130
18131
18135
18138
18145
18149
18151
18157
18160
18163
18166
18171
18175
18182
18183
18185
18185
18185
18187
18194
18202
18209
18214
18215
18223
18227
18228
18231
18234
18239
18246
18251
18255
18257
18258
18262
18262
18265
18277
18277
18281
18289
18291
18292
18293
18296
18300
18301
18302
18306
18308
18311
18312
18315
18322
18322
18323
18324
18325
18327
18329
18332
18333
18333
18336
18339
18340
18346
18347
18347
18348
18362
18365
18366
18368
18368
18374
18378
18378
18379
18384
18384
18384
18385
18386
18386
18388
18391
18394
18395
18400
18400
18405
18409
18410
18416
18417
18422
18428
18429
18435
18437
18444
18444
18444
18448
18449
18451
18458
18459
18460
18460
18460
18468
18469
18471
18472
18473
18473
18485
18495
18496
18501
18505
18523
18529
18529
18530
18531
18534
18535
18541
18542
18544
18545
18548
18549
18549
18553
18557
18569
18569
18569
18571
18574
18576
18580
18580
18580
18584
18590
18593
18594
18596
18609
18612
18615
18618
18622
18625
18627
18632
18636
18636
18639
18641
18641
18642
18643
18647
18648
18649
18650
18653
18653
18671
18673
18675
18683
18683
18684
18693
18696
18699
18700
18702
18704
18704
18707
18710
18711
18715
18720
18723
18728
18731
18733
18737
18737
18742
18744
18746
18754
18771
18771
18773
18777
18778
18785
18796
18800
18805
18808
18809
18813
18814
18817
18817
18822
18824
18826
18828
18830
18834
18835
18843
18848
18849
18851
18852
18852
18853
18854
18854
18854
18857
18865
18868
18870
18873
18874
18875
18881
18884
18885
18889
18890
18891
18901
18912
18914
18915
18918
18919
18920
18927
18930
18934
18936
18939
18939
18942
18944
18944
18948
18948
18951
18951
18954
18958
18964
18973
18974
18979
18981
18986
18990
18990
18998
19010
19013
19015
19018
19024
19028
19028
19038
19038
19041
19060
19066
19069
19070
19070
19075
19077
19091
19097
19109
19110
19110
19111
19113
19117
19135
19136
19142
19145
19145
19147
19151
19158
19161
19163
19169
19177
19180
19181
19181
19181
19182
19189
19190
19190
19193
19197
19198
19201
19202
19204
19205
19209
19213
19213
19214
19214
19217
19217
19227
19228
19228
19236
19237
19238
19243
19250
19257
19258
19262
19262
19266
19267
19272
19273
19273
19288
19293
19295
19296
19300
19300
19309
19310
19310
19312
19313
19315
19317
19318
19329
19331
19334
19335
19337
19353
19355
19358
19358
19359
19361
19363
19364
19370
19373
19381
19383
19387
19393
19394
19407
19411
19421
19428
19428
19429
19438
19439
19439
19441
19443
19443
19457
19460
19461
19466
19467
19472
19473
19474
19482
19492
19500
19502
19509
19510
19511
19513
19520
19535
19542
19542
19543
19543
19549
19551
19552
19561
19563
19564
19565
19573
19574
19576
19576
19577
19586
19586
19594
19596
19598
19600
19604
19610
19616
19624
19626
19636
19637
19638
19646
19649
19650
19652
19656
19661
19664
19667
19668
19675
19677
19678
19680
19682
19684
19685
19687
19691
19693
19693
19696
19699
19701
19703
19705
19708
19709
19716
19717
19722
19726
19726
19732
19739
19741
19745
19757
19762
19765
19766
19768
19769
19769
19775
19775
19777
19780
19780
19786
19788
19788
19794
19798
19800
19802
19804
19804
19808
19811
19816
19816
19817
19818
19821
19822
19825
19826
19829
19831
19832
19839
19841
19842
19849
19852
19853
19857
19861
19864
19868
19868
19874
19880
19891
19896
19906
19915
19917
19919
19923
19925
19926
19934
19934
19943
19944
19947
19949
19958
19961
19961
19963
19965
19966
19969
19973
19979
19983
19989
19989
19994
20002
20002
20004
20005
20006
20006
20010
20016
20017
20020
20021
20022
20029
20030
20033
20045
20047
20051
20060
20062
20067
20068
20073
20076
20078
20085
20087
20088
20091
20091
20094
20097
20099
20103
20105
20112
20112
20113
20113
20126
20133
20135
20135
20140
20146
20161
20162
20164
20167
20168
20169
20169
20175
20176
20178
20186
20186
20188
20189
20194
20195
20197
20199
20206
20210
20211
20212
20215
20220
20224
20225
20227
20231
20240
20242
20242
20251
20253
20264
20265
20266
20267
20270
20272
20274
20275
20275
20284
20286
20289
20289
20289
20290
20290
20290
20290
20291
20294
20294
20295
20302
20314
20319
20321
20324
20325
20326
20332
20332
20336
20341
20344
20357
20359
20362
20364
20366
20375
20377
20378
20380
20381
20384
20387
20388
20399
20399
20402
20402
20407
20409
20412
20428
20428
20430
20432
20435
20440
20447
20452
20454
20454
20461
20465
20468
20474
20476
20476
20477
20479
20503
20513
20518
20523
20524
20527
20534
20536
20537
20537
20540
20544
20546
20547
20547
20551
20555
20562
20566
20566
20571
20574
20580
20584
20585
20586
20590
20591
20592
20597
20598
20602
20607
20610
20610
20622
20626
20626
20634
20634
20643
20648
20652
20653
20654
20660
20663
20671
20677
20686
20687
20691
20696
20696
20696
20698
20702
20706
20707
20709
20716
20718
20719
20720
20722
20724
20728
20728
20729
20737
20748
20750
20752
20761
20761
20767
20768
20774
20777
20777
20778
20778
20781
20781
20784
20786
20787
20789
20793
20806
20806
20810
20810
20817
20820
20821
20821
20823
20823
20825
20826
20828
20828
20836
20842
20845
20847
20848
20861
20864
20867
20870
20878
20883
20884
20885
20885
20885
20887
20888
20891
20891
20891
20900
20901
20902
20905
20908
20910
20912
20915
20917
20917
20919
20923
20925
20926
20931
20931
20932
20937
20937
20940
20942
20944
20944
20954
20956
20966
20969
20972
20977
20977
20979
20979
20983
20984
20985
20993
20999
21000
21001
21003
21004
21014
21015
21017
21017
21021
21025
21025
21035
21038
21048
21054
21056
21057
21058
21069
21078
21091
21094
21104
21105
21106
21108
21112
21112
21118
21119
21121
21125
21127
21129
21141
21146
21146
21150
21154
21154
21155
21155
21158
21161
21163
21170
21171
21171
21174
21174
21184
21185
21187
21194
21197
21198
21207
21211
21213
21214
21215
21223
21224
21226
21228
21228
21240
21241
21244
21249
21261
21263
21269
21278
21278
21279
21284
21285
21288
21289
21291
21295
21304
21304
21308
21310
21310
21323
21332
21336
21339
21340
21344
21344
21349
21349
21350
21353
21361
21363
21363
21363
21366
21376
21383
21386
21416
21420
21422
21427
21429
21435
21436
21437
21445
21446
21471
21472
21473
21477
21483
21483
21487
21488
21488
21492
21495
21499
21500
21500
21500
21502
21506
21507
21512
21512
21512
21515
21522
21524
21528
21533
21535
21539
21546
21548
21548
21555
21556
21560
21561
21567
21574
21576
21580
21580
21583
21586
21587
21591
21597
21597
21599
21604
21612
21614
21617
21618
21624
21635
21636
21637
21643
21648
21656
21658
21663
21664
21665
21667
21667
21671
21678
21685
21686
21690
21694
21705
21711
21715
21720
21730
21735
21742
21742
21745
21750
21760
21771
21773
21773
21778
21782
21782
21786
21793
21797
21806
21811
21815
21817
21823
21825
21840
21840
21841
21842
21843
21843
21845
21846
21846
21850
21851
21851
21854
21854
21855
21857
21858
21860
21862
21862
21867
21869
21875
21878
21878
21882
21885
21887
21888
21892
21892
21894
21905
21914
21917
21919
21926
21931
21931
21946
21949
21956
21960
21960
21973
21974
21975
21975
21984
21985
21989
21990
21990
21993
21994
21996
21997
22000
22004
22005
22005
22007
22012
22013
22022
22022
22024
22030
22041
22042
22046
22050
22054
22064
22069
22072
22072
22073
22074
22079
22080
22093
22094
22094
22097
22097
22103
22104
22106
22108
22117
22124
22124
22139
22144
22145
22148
22150
22151
22152
22162
22163
22163
22164
22170
22172
22180
22181
22182
22186
22193
22196
22201
22202
22206
22207
22209
22209
22214
22214
22215
22218
22218
22219
22220
22225
22225
22228
22234
22242
22247
22253
22258
22259
22261
22262
22263
22264
22269
22273
22277
22281
22285
22286
22292
22292
22292
22300
22301
22302
22306
22315
22317
22318
22322
22330
22335
22336
22338
22341
22347
22349
22350
22351
22369
22373
22393
22393
22395
22400
22403
22408
22411
22412
22417
22417
22420
22427
22432
22434
22437
22440
22440
22441
22442
22449
22451
22454
22460
22462
22464
22465
22470
22475
22475
22477
22481
22482
22490
22492
22493
22495
22497
22498
22498
22498
22501
22503
22514
22514
22514
22517
22535
22538
22542
22544
22544
22545
22548
22549
22551
22552
22554
22558
22558
22562
22563
22565
22566
22570
22572
22575
22576
22588
22590
22594
22598
22599
22605
22605
22607
22608
22609
22612
22614
22615
22626
22629
22630
22632
22635
22639
22640
22640
22645
22645
22653
22656
22656
22657
22658
22659
22665
22667
22668
22672
22673
22674
22677
22678
22691
22693
22702
22705
22708
22711
22715
22719
22721
22725
22730
22750
22751
22753
22756
22759
22761
22764
22764
22765
22769
22770
22772
22773
22780
22787
22791
22792
22792
22795
22803
22804
22809
22813
22814
22820
22821
22824
22836
22836
22837
22839
22840
22842
22853
22858
22859
22861
22861
22863
22868
22870
22870
22872
22873
22878
22885
22887
22887
22892
22894
22894
22895
22898
22898
22901
22903
22905
22914
22917
22919
22930
22930
22933
22943
22944
22947
22955
22958
22958
22959
22960
22964
22968
22970
22973
22978
22978
22987
22989
22993
23001
23009
23016
23020
23024
23025
23027
23034
23036
23042
23044
23050
23055
23056
23060
23061
23061
23062
23064
23064
23065
23066
23067
23068
23070
23078
23080
23088
23089
23100
23101
23107
23109
23111
23112
23112
23114
23118
23118
23122
23126
23127
23132
23132
23135
23135
23138
23144
23148
23150
23151
23152
23156
23159
23165
23166
23170
23172
23173
23175
23176
23184
23187
23192
23195
23196
23206
23215
23218
23219
23222
23225
23225
23233
23234
23240
23242
23245
23249
23251
23252
23252
23256
23259
23260
23266
23276
23279
23285
23285
23295
23295
23302
23304
23307
23308
23308
23309
23313
23315
23316
23319
23323
23330
23333
23333
23334
23340
23349
23354
23359
23364
23365
23370
23374
23374
23376
23378
23379
23379
23380
23381
23384
23389
23390
23397
23398
23408
23408
23409
23411
23419
23421
23421
23431
23431
23437
23438
23442
23444
23447
23451
23458
23466
23467
23468
23472
23472
23483
23486
23492
23493
23499
23503
23504
23507
23508
23509
23510
23513
23513
23515
23517
23522
23522
23523
23526
23538
23540
23541
23545
23548
23552
23552
23556
23559
23560
23560
23562
23563
23566
23567
23569
23574
23579
23579
23583
23585
23588
23595
23595
23596
23597
23600
23600
23605
23609
23611
23634
23641
23645
23648
23662
23663
23673
23677
23677
23680
23685
23696
23698
23699
23705
23707
23715
23716
23717
23718
23718
23719
23721
23723
23725
23729
23733
23737
23738
23740
23741
23744
23745
23746
23747
23748
23750
23751
23752
23756
23765
23767
23769
23769
23772
23774
23774
23776
23776
23783
23786
23788
23801
23802
23806
23806
23809
23812
23824
23827
23832
23833
23835
23836
23838
23840
23841
23843
23847
23851
23859
23861
23868
23870
23872
23873
23876
23879
23890
23898
23900
23903
23904
23908
23910
23911
23912
23913
23915
23921
23924
23928
23931
23935
23937
23938
23938
23943
23946
23948
23949
23951
23952
23952
23975
23978
23989
23992
23996
23997
23999
24003
24012
24020
24023
24027
24031
24033
24039
24048
24048
24048
24050
24051
24057
24058
24062
24064
24067
24068
24069
24069
24070
24075
24079
24079
24080
24080
24083
24085
24091
24092
24102
24102
24107
24113
24121
24125
24125
24129
24132
24135
24140
24140
24142
24145
24147
24149
24150
24154
24165
24170
24170
24178
24178
24178
24184
24186
24186
24187
24188
24188
24190
24200
24201
24208
24210
24211
24212
24215
24222
24223
24229
24238
24240
24241
24243
24245
24250
24251
24256
24257
24257
24258
24259
24260
24261
24262
24264
24265
24269
24270
24273
24281
24287
24287
24293
24295
24304
24304
24305
24306
24312
24313
24326
24326
24335
24342
24348
24352
24353
24355
24357
24361
24362
24366
24367
24368
24368
24370
24372
24373
24386
24390
24391
24392
24392
24395
24408
24409
24410
24418
24421
24422
24424
24428
24432
24434
24436
24436
24446
24449
24458
24460
24462
24465
24465
24473
24478
24478
24484
24487
24489
24491
24496
24504
24505
24508
24509
24511
24514
24514
24519
24522
24523
24527
24528
24529
24533
24534
24535
24539
24540
24540
24541
24546
24549
24551
24553
24560
24567
24576
24583
24583
24590
24594
24599
24600
24603
24619
24627
24628
24628
24631
24631
24632
24632
24637
24638
24649
24650
24653
24655
24669
24676
24677
24681
24688
24712
24714
24718
24718
24724
24725
24732
24735
24736
24739
24743
24746
24746
24751
24757
24758
24760
24766
24770
24771
24771
24778
24778
24781
24785
24789
24793
24794
24797
24798
24800
24801
24801
24803
24807
24808
24811
24819
24826
24826
24833
24839
24841
24842
24843
24845
24849
24851
24864
24865
24867
24870
24880
24881
24881
24882
24889
24896
24896
24899
24902
24904
24906
24907
24911
24912
24914
24917
24920
24924
24926
24926
24930
24936
24937
24938
24942
24946
24950
24950
24955
24959
24961
24963
24968
24969
24971
24975
24978
24985
24986
24986
25000
25004
25007
25008
25009
25010
25010
25014
25014
25020
25023
25025
25025
25027
25027
25029
25034
25046
25048
25056
25069
25082
25095
25099
25100
25101
25101
25103
25111
25115
25117
25118
25119
25128
25129
25137
25138
25142
25143
25148
25151
25153
25157
25159
25164
25168
25175
25179
25179
25184
25185
25186
25191
25192
25192
25193
25194
25197
25203
25205
25208
25209
25210
25216
25216
25224
25232
25235
25236
25236
25242
25243
25244
25247
25248
25249
25251
25252
25258
25259
25261
25262
25263
25274
25278
25288
25289
25290
25291
25294
25298
25302
25303
25305
25306
25310
25310
25313
25316
25317
25318
25318
25320
25320
25328
25332
25334
25339
25340
25354
25355
25359
25364
25370
25371
25371
25379
25387
25389
25389
25397
25405
25408
25415
25418
25419
25419
25429
25435
25436
25437
25440
25443
25447
25449
25455
25455
25457
25458
25462
25463
25467
25470
25476
25476
25477
25478
25480
25488
25495
25496
25507
25510
25510
25521
25522
25532
25536
25541
25546
25547
25551
25554
25564
25568
25568
25568
25572
25575
25576
25588
25594
25594
25597
25597
25599
25601
25604
25604
25607
25616
25618
25624
25625
25632
25636
25636
25639
25645
25645
25647
25652
25653
25657
25664
25666
25667
25671
25673
25673
25674
25675
25676
25679
25680
25681
25685
25685
25689
25701
25704
25708
25709
25711
25712
25715
25716
25718
25720
25722
25723
25726
25727
25734
25736
25741
25746
25750
25756
25760
25762
25763
25768
25769
25772
25777
25779
25782
25785
25789
25789
25791
25799
25804
25810
25813
25814
25815
25816
25817
25834
25835
25838
25841
25842
25848
25851
25853
25856
25859
25864
25865
25867
25868
25869
25870
25872
25875
25877
25880
25881
25891
25892
25893
25895
25897
25898
25899
25900
25901
25902
25905
25909
25914
25924
25927
25932
25933
25950
25954
25960
25962
25964
25979
25983
25986
25995
25995
25995
26001
26001
26002
26010
26013
26017
26018
26019
26025
26029
26034
26035
26041
26044
26045
26045
26059
26063
26063
26071
26073
26074
26079
26084
26085
26086
26091
26095
26097
26098
26098
26099
26102
26102
26102
26105
26107
26110
26110
26114
26117
26129
26138
26138
26139
26141
26142
26143
26145
26148
26150
26154
26159
26159
26161
26163
26174
26174
26175
26176
26178
26188
26194
26195
26196
26200
26200
26209
26210
26211
26213
26213
26214
26214
26221
26223
26223
26232
26236
26237
26239
26243
26246
26248
26252
26261
26264
26264
26265
26268
26271
26272
26273
26273
26274
26275
26290
26290
26294
26302
26303
26305
26305
26307
26308
26311
26314
26322
26322
26331
26335
26356
26370
26372
26372
26374
26379
26380
26383
26385
26386
26389
26396
26398
26400
26400
26401
26402
26402
26409
26409
26411
26413
26420
26422
26426
26431
26434
26434
26438
26442
26443
26444
26448
26454
26458
26459
26462
26476
26479
26481
26486
26492
26494
26495
26497
26498
26499
26502
26505
26510
26511
26524
26528
26529
26532
26534
26538
26540
26542
26542
26545
26545
26548
26553
26555
26557
26558
26560
26563
26568
26571
26573
26582
26592
26593
26599
26601
26617
26625
26625
26627
26632
26637
26637
26647
26648
26649
26651
26652
26655
26656
26658
26663
26664
26667
26669
26669
26671
26675
26685
26685
26687
26689
26697
26697
26698
26703
26708
26715
26721
26723
26723
26726
26728
26737
26747
26749
26753
26756
26763
26765
26765
26768
26772
26774
26778
26780
26781
26785
26800
26809
26819
26819
26822
26823
26828
26832
26834
26834
26838
26841
26845
26850
26851
26857
26857
26862
26867
26869
26873
26874
26890
26890
26900
26900
26916
26917
26917
26921
26921
26921
26921
26923
26923
26925
26925
26933
26934
26940
26944
26945
26952
26957
26957
26959
26959
26960
26966
26968
26968
26971
26977
26979
26984
26984
26990
26991
26995
26996
27000
27000
27002
27003
27006
27009
27012
27026
27029
27029
27044
27045
27053
27056
27058
27058
27058
27062
27065
27074
27078
27079
27090
27092
27095
27096
27097
27099
27103
27105
27105
27107
27115
27124
27125
27128
27132
27133
27133
27135
27140
27149
27150
27153
27156
27157
27158
27166
27168
27170
27172
27172
27173
27174
27177
27178
27188
27191
27196
27199
27199
27204
27205
27208
27210
27222
27223
27228
27241
27253
27268
27269
27272
27272
27275
27276
27279
27286
27300
27304
27310
27312
27314
27328
27331
27336
27340
27342
27342
27346
27348
27352
27354
27356
27363
27367
27375
27377
27378
27380
27381
27385
27391
27394
27395
27397
27398
27399
27401
27403
27405
27409
27419
27421
27428
27429
27430
27430
27430
27432
27438
27438
27438
27463
27465
27468
27468
27471
27473
27473
27473
27479
27480
27480
27493
27496
27497
27501
27514
27519
27522
27524
27528
27529
27532
27534
27536
27540
27543
27544
27548
27550
27558
27558
27563
27571
27579
27584
27585
27594
27595
27597
27601
27602
27603
27609
27610
27615
27620
27623
27626
27629
27634
27642
27644
27651
27656
27657
27657
27661
27664
27666
27667
27667
27671
27671
27687
27690
27690
27691
27692
27696
27697
27707
27708
27712
27716
27717
27726
27726
27727
27729
27735
27736
27744
27746
27746
27753
27757
27759
27762
27763
27768
27769
27771
27772
27773
27774
27774
27778
27780
27793
27795
27796
27797
27809
27813
27816
27817
27817
27821
27822
27827
27827
27837
27839
27840
27843
27847
27849
27849
27854
27856
27856
27858
27858
27858
27866
27868
27872
27875
27876
27878
27878
27879
27890
27892
27894
27895
27905
27907
27908
27908
27910
27914
27915
27916
27917
27918
27919
27920
27922
27923
27929
27933
27943
27944
27948
27948
27954
27958
27973
27975
27976
27976
27980
27988
28000
28004
28013
28013
28013
28016
28018
28019
28020
28021
28021
28023
28023
28024
28024
28025
28027
28029
28033
28034
28037
28038
28040
28040
28040
28044
28050
28057
28057
28059
28061
28061
28065
28066
28073
28074
28074
28088
28090
28092
28097
28107
28108
28108
28110
28113
28113
28114
28130
28132
28132
28137
28137
28141
28142
28147
28148
28157
28162
28163
28168
28169
28173
28177
28183
28188
28188
28189
28194
28194
28195
28200
28210
28211
28214
28221
28229
28233
28235
28249
28251
28257
28257
28260
28269
28277
28277
28283
28289
28295
28300
28302
28312
28315
28317
28318
28321
28325
28327
28328
28328
28330
28335
28336
28337
28338
28339
28341
28343
28346
28350
28351
28352
28355
28356
28356
28368
28386
28386
28391
28392
28393
28396
28396
28408
28410
28420
28427
28427
28431
28445
28453
28453
28455
28455
28458
28466
28471
28472
28476
28476
28477
28477
28479
28480
28485
28486
28489
28491
28491
28492
28500
28503
28506
28510
28511
28512
28517
28518
28520
28523
28525
28527
28531
28532
28546
28548
28551
28552
28556
28561
28562
28564
28569
28574
28574
28575
28575
28578
28590
28591
28593
28593
28600
28603
28608
28609
28612
28612
28614
28615
28616
28618
28623
28623
28627
28628
28629
28642
28644
28645
28645
28645
28645
28652
28652
28653
28653
28656
28657
28661
28668
28669
28669
28671
28672
28677
28679
28681
28682
28685
28691
28693
28698
28702
28704
28705
28708
28710
28714
28714
28714
28719
28724
28728
28732
28733
28733
28735
28737
28740
28741
28741
28746
28748
28751
28753
28757
28760
28760
28761
28762
28770
28779
28785
28793
28793
28800
28800
28802
28813
28813
28834
28839
28856
28857
28858
28858
28860
28861
28868
28871
28875
28878
28880
28884
28885
28885
28888
28889
28889
28893
28895
28896
28898
28900
28902
28903
28904
28905
28911
28912
28913
28919
28920
28927
28931
28931
28933
28933
28939
28945
28950
28962
28964
28968
28968
28971
28972
28973
28976
28976
28977
28985
28988
28989
28993
28998
29002
29004
29006
29007
29020
29038
29040
29041
29044
29053
29054
29058
29070
29071
29073
29074
29075
29076
29086
29086
29087
29087
29095
29102
29109
29111
29111
29114
29116
29119
29123
29128
29131
29140
29142
29146
29149
29153
29154
29155
29160
29172
29175
29175
29176
29182
29188
29192
29195
29211
29213
29216
29218
29220
29232
29237
29238
29240
29245
29251
29251
29252
29252
29255
29259
29260
29272
29273
29274
29277
29279
29280
29280
29282
29283
29295
29307
29308
29314
29314
29316
29318
29324
29325
29325
29327
29327
29331
29332
29335
29336
29344
29351
29354
29355
29357
29361
29362
29379
29380
29381
29387
29389
29390
29391
29397
29402
29406
29408
29410
29411
29414
29414
29416
29419
29428
29438
29441
29446
29450
29453
29453
29454
29458
29460
29461
29463
29467
29468
29470
29473
29476
29478
29478
29481
29485
29489
29489
29496
29499
29505
29507
29518
29518
29521
29525
29527
29528
29531
29532
29543
29544
29545
29546
29546
29548
29548
29553
29555
29556
29556
29558
29560
29562
29579
29581
29581
29587
29591
29593
29595
29604
29609
29612
29612
29614
29620
29624
29624
29630
29630
29644
29648
29648
29650
29671
29677
29680
29683
29689
29690
29696
29698
29698
29708
29709
29709
29714
29728
29731
29732
29732
29734
29737
29739
29739
29748
29751
29752
29753
29756
29763
29765
29770
29776
29777
29781
29782
29783
29785
29789
29790
29790
29796
29801
29806
29807
29807
29810
29810
29812
29819
29820
29829
29836
29837
29837
29842
29842
29847
29853
29853
29858
29858
29859
29865
29870
29875
29877
29879
29881
29892
29893
29895
29901
29906
29908
29909
29918
29919
29920
29920
29924
29929
29930
29936
29940
29944
29947
29951
29954
29954
29955
29956
29958
29960
29960
29965
29971
29985
29985
29987
29989
30001
30003
30003
30005
30014
30016
30020
30025
30030
30030
30030
30031
30033
30043
30045
30045
30046
30046
30048
30049
30050
30050
30057
30064
30066
30066
30075
30080
30080
30090
30095
30098
30100
30101
30104
30106
30108
30116
30119
30127
30130
30136
30137
30137
30138
30138
30139
30141
30144
30148
30148
30154
30157
30163
30163
30166
30166
30167
30171
30180
30183
30184
30187
30190
30192
30192
30193
30196
30198
30201
30203
30207
30207
30209
30214
30221
30221
30224
30227
30227
30230
30231
30231
30237
30244
30244
30245
30245
30250
30258
30266
30268
30272
30273
30277
30282
30295
30296
30299
30303
30305
30308
30311
30312
30314
30314
30317
30317
30322
30322
30324
30325
30328
30330
30339
30339
30340
30340
30342
30351
30355
30356
30363
30364
30364
30365
30367
30372
30373
30377
30378
30379
30379
30389
30390
30401
30403
30408
30418
30420
30420
30421
30423
30424
30424
30426
30426
30428
30432
30434
30442
30449
30449
30450
30455
30457
30459
30460
30467
30468
30473
30478
30479
30481
30486
30488
30491
30491
30493
30494
30495
30495
30496
30499
30503
30504
30506
30507
30510
30517
30519
30527
30535
30537
30537
30537
30537
30540
30540
30542
30544
30547
30549
30551
30553
30561
30562
30578
30579
30579
30580
30580
30582
30583
30583
30584
30586
30588
30588
30589
30592
30593
30600
30601
30603
30604
30606
30606
30607
30608
30612
30612
30613
30621
30623
30625
30631
30643
30643
30646
30649
30658
30661
30667
30668
30676
30678
30680
30682
30686
30699
30700
30703
30704
30710
30712
30713
30715
30722
30725
30730
30732
30737
30739
30744
30747
30748
30749
30752
30754
30761
30764
30764
30764
30770
30779
30781
30784
30789
30791
30791
30805
30807
30807
30813
30816
30817
30817
30823
30824
30825
30829
30830
30831
30834
30845
30848
30848
30850
30851
30852
30854
30859
30873
30883
30887
30891
30892
30893
30894
30899
30901
30902
30905
30906
30910
30913
30920
30924
30927
30928
30929
30937
30939
30941
30947
30947
30953
30956
30957
30960
30964
30967
30974
30990
30990
30994
30995
31001
31002
31002
31003
31006
31010
31012
31018
31025
31026
31032
31039
31040
31041
31044
31046
31049
31049
31051
31052
31053
31053
31057
31058
31068
31069
31074
31080
31081
31083
31086
31089
31094
31094
31095
31099
31101
31107
31118
31121
31122
31124
31132
31134
31148
31149
31149
31150
31151
31157
31158
31166
31167
31171
31172
31176
31190
31193
31199
31200
31206
31207
31211
31215
31219
31219
31220
31223
31226
31227
31230
31231
31233
31234
31235
31240
31247
31254
31259
31261
31265
31274
31278
31282
31290
31291
31295
31295
31297
31297
31298
31302
31303
31308
31310
31313
31324
31324
31325
31326
31330
31332
31335
31339
31340
31340
31344
31345
31345
31350
31355
31358
31361
31364
31365
31365
31366
31382
31382
31385
31387
31392
31395
31396
31403
31406
31409
31413
31419
31420
31420
31428
31428
31429
31431
31446
31453
31455
31455
31456
31457
31463
31465
31468
31469
31470
31470
31471
31472
31477
31479
31486
31489
31490
31493
31495
31511
31517
31518
31519
31521
31524
31528
31531
31532
31532
31533
31534
31535
31536
31539
31542
31544
31550
31551
31552
31561
31562
31566
31569
31577
31579
31585
31587
31588
31591
31596
31596
31600
31601
31604
31605
31606
31610
31610
31611
31624
31629
31629
31637
31638
31644
31645
31647
31648
31650
31653
31655
31656
31657
31658
31659
31662
31663
31663
31665
31669
31672
31674
31676
31678
31681
31683
31686
31713
31717
31724
31725
31737
31737
31751
31751
31754
31755
31759
31761
31763
31767
31769
31771
31771
31776
31778
31780
31782
31782
31792
31797
31797
31798
31799
31800
31806
31807
31809
31810
31815
31816
31818
31820
31827
31827
31829
31833
31837
31838
31841
31856
31863
31867
31868
31879
31879
31881
31895
31896
31897
31902
31903
31905
31906
31910
31911
31913
31915
31919
31931
31935
31935
31938
31939
31941
31946
31948
31952
31957
31965
31965
31979
31989
31991
31993
31998
32002
32002
32003
32006
32008
32009
32018
32023
32024
32027
32030
32032
32033
32037
32037
32041
32041
32041
32047
32047
32057
32061
32063
32066
32070
32070
32080
32085
32086
32086
32087
32089
32092
32093
32096
32101
32104
32105
32107
32116
32124
32125
32127
32131
32132
32133
32142
32145
32148
32150
32151
32164
32168
32172
32172
32173
32181
32181
32181
32183
32186
32187
32188
32189
32192
32196
32197
32202
32210
32211
32217
32217
32226
32227
32228
32231
32232
32235
32235
32238
32243
32255
32256
32257
32264
32270
32272
32274
32275
32282
32290
32290
32298
32301
32303
32303
32307
32308
32308
32310
32311
32313
32313
32316
32320
32321
32332
32337
32337
32337
32347
32347
32348
32356
32357
32357
32359
32360
32360
32362
32365
32372
32378
32387
32391
32395
32395
32400
32400
32402
32406
32411
32424
32428
32437
32438
32438
32439
32448
32450
32457
32460
32462
32463
32463
32472
32472
32474
32477
32481
32482
32489
32490
32496
32497
32499
32500
32505
32506
32508
32512
32513
32522
32524
32525
32528
32530
32532
32537
32539
32540
32544
32547
32552
32555
32559
32559
32563
32565
32569
32573
32574
32581
32589
32589
32589
32591
32591
32596
32596
32599
32606
32607
32611
32612
32612
32612
32613
32613
32615
32617
32617
32617
32632
32632
32636
32636
32637
32643
32646
32648
32649
32653
32658
32661
32661
32666
32666
32668
32670
32671
32673
32674
32687
32688
32688
32689
32690
32696
32696
32696
32699
32701
32704
32706
32706
32707
32715
32716
32717
32721
32723
32728
32739
32741
32743
32749
32765
